
6
8
10
20
29
46
53
59
62
70
72
79
81
86
90
93
99
104
111
117
122
140
141
142
146
149
157
159
181
182
184
186
190
201
209
230
235
238
240
265
268
272
282
300
309
311
316
319
323
326
327
328
331
340
346
362
366
367
381
415
419
421
422
425
443
450
482
511
520
522
524
529
532
544
545
548
552
553
554
569
572
578
583
598
601
602
609
626
634
636
649
657
659
675
676
690
691
695
698
699
708
709
713
723
730
731
734
752
754
755
761
763
771
775
777
779
791
800
805
809
816
817
818
821
825
831
836
838
839
842
848
855
858
861
871
885
890
891
892
897
898
899
902
918
919
921
924
929
932
937
940
944
948
956
957
968
985
993
1000


6
8
10
25
36
46
53
59
62
70
81
88
90
93
94
99
104
117
140
141
142
149
157
165
180
181
182
184
190
201
209
228
230
235
238
240
244
256
268
272
275
277
282
289
300
304
306
309
314
316
326
331
364
366
367
372
381
411
412
415
420
421
422
425
443
450
452
459
462
482
486
491
492
511
513
520
521
522
524
528
529
532
544
545
548
552
553
554
569
572
576
578
582
583
598
601
602
610
615
624
626
634
636
642
649
657
658
667
671
675
690
691
695
698
699
709
717
730
731
734
742
746
752
753
754
755
761
762
763
765
771
775
779
791
800
809
816
817
818
821
831
836
838
839
841
842
858
861
871
883
890
892
897
899
902
918
922
924
929
932
937
944
948
957
958
977
993
1000


6
8
10
25
36
46
53
59
62
70
81
90
93
94
99
104
111
114
140
141
142
149
157
165
181
182
184
190
201
209
228
230
235
238
240
244
256
265
268
272
275
277
282
289
290
300
304
306
309
314
316
326
328
331
362
364
366
367
372
381
411
412
415
420
421
422
425
443
450
452
459
482
486
492
511
513
520
522
524
529
532
544
545
548
552
553
554
569
572
578
582
583
598
601
602
609
610
615
626
636
649
657
658
667
671
675
690
691
695
698
699
709
717
730
731
734
742
746
752
753
754
755
761
762
763
765
771
775
779
791
800
809
816
817
818
821
825
831
836
838
839
841
842
861
871
883
885
890
891
892
897
898
899
902
918
919
922
924
929
932
937
944
948
957
958
977
993
1000
