6
8
10
25
36
46
53
59
62
70
81
90
93
94
99
104
111
114
140
141
142
149
157
165
181
182
184
190
201
209
228
230
235
238
240
244
256
265
268
272
275
277
282
289
290
300
304
306
309
314
316
326
328
331
362
364
366
367
372
381
411
412
415
420
421
422
425
443
450
452
459
482
486
492
511
513
520
522
524
529
532
544
545
548
552
553
554
569
572
578
582
583
598
601
602
609
610
615
626
636
649
657
658
667
671
675
690
691
695
698
699
709
717
730
731
734
742
746
752
753
754
755
761
762
763
765
771
775
779
791
800
809
816
817
818
821
825
831
836
838
839
841
842
861
871
883
885
890
891
892
897
898
899
902
918
919
922
924
929
932
937
944
948
957
958
977
993
1000
