1 0.057100
2 0.682036
3 0.070223
4 0.864344
5 0.059051
6 0.213006
7 0.058460
8 0.087308
9 0.059930
10 0.067462
11 0.071174
12 0.069833
13 0.066860
14 1.063885
15 0.066356
16 0.111601
17 1.082159
18 0.806347
19 0.059955
20 0.060067
21 0.076142
22 0.561910
23 0.061179
24 0.943958
25 0.467040
26 0.063626
27 0.065072
28 0.639449
29 0.138046
30 0.062736
31 1.097896
32 0.062708
33 0.062927
34 0.504057
35 0.753065
36 0.067977
37 0.169894
38 0.069551
39 0.065104
40 0.067874
41 0.184385
42 0.070591
43 0.183652
44 0.120478
45 0.172511
46 0.562922
47 0.065820
48 0.253199
49 0.069096
50 0.386258
51 0.469895
52 0.064071
53 0.069336
54 0.267612
55 0.271589
56 0.168126
57 0.693938
58 0.060948
59 0.277317
60 0.504437
61 0.597001
62 0.680581
63 0.046367
64 0.066423
65 0.170482
66 0.067767
67 0.153554
68 0.401669
69 0.222508
70 0.149941
71 0.062927
72 0.425741
73 0.060829
74 0.227161
75 0.093482
76 0.061995
77 0.061179
78 0.066217
79 0.178453
80 0.762191
81 0.450493
82 0.053937
83 0.118206
84 0.065687
85 0.560118
86 0.330122
87 0.428036
88 0.260960
89 0.323432
90 0.071483
91 0.068293
92 0.386206
93 0.061401
94 0.682187
95 0.064425
96 0.433210
97 0.078082
98 0.475313
99 0.336820
100 0.058120
101 0.080263
102 0.061179
103 0.069617
104 0.054187
105 0.059727
106 0.059140
107 0.193027
108 0.404281
109 0.145185
110 0.064399
111 0.571913
112 1.067599
113 0.450474
114 0.062618
115 0.085915
116 0.064778
117 0.697744
118 0.128366
119 0.068409
120 0.059819
121 0.606900
122 0.201078
123 0.136658
124 0.376016
125 0.061510
126 0.508381
127 0.070291
128 0.059525
129 0.067619
130 0.065923
131 0.068171
132 0.359706
133 0.065257
134 0.114436
135 0.580740
136 0.065104
137 0.069744
138 0.058732
139 0.060200
140 0.842488
141 0.060200
142 0.144983
143 0.068520
144 0.218251
145 0.596870
146 0.067767
147 0.896394
148 0.066860
149 0.531737
150 0.489638
151 0.064399
152 0.068352
153 0.061574
154 0.143852
155 0.122641
156 0.470485
157 0.283510
158 0.059090
159 0.068520
160 0.164685
161 0.645241
162 0.218898
163 0.060972
164 0.391618
165 0.459549
166 0.066489
167 0.059756
168 0.474107
169 0.058049
170 0.200811
171 0.082653
172 0.070078
173 0.063898
174 0.060363
175 0.543319
176 0.070696
177 0.066741
178 0.054381
179 0.059296
180 0.059051
181 0.062927
182 0.358517
183 0.060880
184 0.063839
185 0.066617
186 0.061179
187 0.403474
188 0.067977
189 0.088546
190 0.185547
191 0.063626
192 0.067297
193 0.070000
194 0.071885
195 0.743000
196 0.056590
197 0.063289
198 0.181681
199 0.449008
200 0.069744
201 0.067422
202 0.061823
203 0.067767
204 0.065885
205 0.067086
206 0.541295
207 0.058483
208 0.059525
209 0.067297
210 0.063898
211 0.059649
212 0.056233
213 0.858576
214 0.129811
215 0.060305
216 0.056062
217 0.064605
218 0.085595
219 0.352902
220 0.063898
221 0.550722
222 0.362018
223 0.143911
224 0.091547
225 0.065923
226 0.113086
227 0.066585
228 0.059296
229 0.431547
230 0.064850
231 0.070968
232 0.397302
233 0.204597
234 0.355737
235 0.061179
236 0.253338
237 0.106600
238 0.068263
239 0.110002
240 0.062216
241 0.106701
242 0.500033
243 0.067297
244 0.065257
245 0.058355
246 0.252849
247 0.104038
248 0.191589
249 0.061823
250 0.165595
251 0.241461
252 0.063839
253 0.891739
254 0.782109
255 0.132592
256 0.064605
257 0.060305
258 0.470976
259 0.057885
260 0.847662
261 0.067193
262 0.068826
263 0.068171
264 0.069446
265 0.064399
266 0.065885
267 0.060305
268 0.304961
269 0.070783
270 0.519752
271 0.274757
272 0.123332
273 0.064675
274 0.067977
275 0.069650
276 0.114614
277 0.649995
278 0.129313
279 0.111472
280 0.064944
281 0.726487
282 0.247309
283 0.327298
284 0.059930
285 0.120160
286 0.324147
287 0.723407
288 0.055694
289 0.066073
290 0.313504
291 0.058483
292 0.123636
293 0.069617
294 0.314174
295 0.058398
296 0.578246
297 0.064238
298 0.728192
299 0.139945
300 0.061735
301 0.060757
302 0.065949
303 0.062120
304 0.241192
305 0.068847
306 0.059431
307 0.664627
308 0.068826
309 0.300620
310 0.062538
311 0.213591
312 0.065406
313 0.061510
314 0.062538
315 0.058432
316 0.204768
317 0.691145
318 0.370631
319 0.064043
320 0.066889
321 0.062291
322 0.060880
323 0.107361
324 0.070636
325 0.051252
326 0.130541
327 0.111934
328 0.953029
329 0.368449
330 0.067462
331 0.363551
332 0.124677
333 0.064399
334 0.065435
335 0.080209
336 0.063460
337 0.058732
338 0.226274
339 0.055994
340 0.069096
341 0.579573
342 0.065605
343 0.056792
344 0.191818
345 0.069919
346 0.067122
347 0.599446
348 0.051390
349 0.849163
350 0.067297
351 0.143150
352 0.055557
353 0.316196
354 0.219258
355 0.064944
356 0.413209
357 0.066937
358 0.636487
359 0.134634
360 0.068826
361 0.068678
362 0.067767
363 0.059357
364 0.062927
365 0.068520
366 0.469219
367 0.620707
368 0.072600
369 0.494223
370 0.066423
371 0.254829
372 0.059930
373 0.060459
374 0.904654
375 0.162997
376 0.062333
377 0.632723
378 0.067977
379 0.068627
380 0.399924
381 0.064462
382 0.065257
383 0.654353
384 0.066252
385 0.419064
386 0.070745
387 0.059525
388 0.375787
389 0.061179
390 0.359648
391 0.060757
392 0.227565
393 0.383741
394 0.067167
395 0.080997
396 0.059090
397 0.236407
398 0.062402
399 0.061179
400 0.066489
401 0.062927
402 0.831434
403 0.454975
404 0.060328
405 0.065605
406 0.288233
407 0.063839
408 0.375241
409 0.057100
410 0.140820
411 0.418853
412 0.067909
413 0.068520
414 0.056590
415 0.186628
416 0.059955
417 0.292701
418 0.561803
419 0.371064
420 0.500670
421 0.055859
422 0.265215
423 0.060459
424 0.067462
425 0.059819
426 0.069336
427 0.057239
428 0.059930
429 0.062216
430 0.495162
431 0.059955
432 0.122686
433 0.185668
434 0.115798
435 0.408982
436 0.054413
437 0.062243
438 0.207218
439 0.099504
440 0.068437
441 0.129168
442 0.067542
443 0.429268
444 0.247445
445 0.426000
446 0.109702
447 0.155895
448 0.056473
449 0.057795
450 0.287971
451 0.066356
452 0.062927
453 0.065687
454 0.069682
455 0.062023
456 0.065687
457 0.064704
458 0.068171
459 0.254219
460 0.066310
461 0.056027
462 0.051927
463 0.055061
464 0.399938
465 0.070078
466 0.189109
467 0.140188
468 0.173178
469 0.058460
470 0.182911
471 0.061823
472 1.082706
473 0.061179
474 0.067297
475 0.069551
476 0.211592
477 0.220265
478 0.064778
479 0.120004
480 0.063137
481 0.194683
482 0.142232
483 0.061179
484 0.064425
485 0.077915
486 0.191024
487 0.086051
488 0.181276
489 0.504702
490 0.403691
491 0.219921
492 0.795375
493 0.686741
494 0.072170
495 0.582096
496 0.519016
497 0.067297
498 0.054381
499 0.059756
500 0.090272
501 0.206506
502 0.304348
503 0.808165
504 0.725275
505 0.123767
506 0.046051
507 0.222401
508 0.538085
509 0.207907
510 0.063338
511 0.070793
512 0.069010
513 0.055859
514 0.056896
515 0.288057
516 0.069220
517 0.060200
518 0.067086
519 0.445552
520 0.126208
521 0.365678
522 0.065549
523 0.058398
524 0.386191
525 0.097520
526 0.341088
527 0.065767
528 0.281665
529 0.115429
530 0.835972
531 0.464167
532 0.067122
533 0.059296
534 0.069482
535 0.224704
536 0.341996
537 0.937869
538 0.066489
539 0.697242
540 0.163315
541 0.096720
542 0.141363
543 0.173767
544 0.065257
545 0.054701
546 0.132821
547 0.066307
548 0.252669
549 0.064850
550 0.215570
551 0.891911
552 0.099470
553 0.067767
554 0.063111
555 0.802808
556 0.065923
557 0.058483
558 0.068965
559 0.217399
560 0.737664
561 0.564633
562 0.065820
563 0.586230
564 0.610555
565 0.647042
566 0.098508
567 0.061735
568 0.078206
569 0.063137
570 0.054327
571 0.068293
572 0.064043
573 0.065820
574 0.055061
575 0.405829
576 0.062927
577 0.068162
578 0.579346
579 0.557596
580 0.592454
581 0.699589
582 0.083640
583 0.139560
584 0.072643
585 0.071190
586 0.066741
587 0.063839
588 0.190922
589 0.590684
590 0.376248
591 0.066423
592 0.064238
593 0.064462
594 0.082943
595 0.064878
596 0.055061
597 0.093340
598 0.065687
599 0.444629
600 0.070223
601 0.355020
602 0.062927
603 0.054022
604 0.291981
605 0.057683
606 0.061401
607 0.060948
608 0.117894
609 0.071120
610 0.064071
611 0.361180
612 0.056233
613 0.254633
614 0.065885
615 0.959357
616 0.054634
617 0.111657
618 0.795775
619 1.010870
620 0.118231
621 0.667178
622 0.089997
623 0.064238
624 0.063626
625 0.441095
626 0.069010
627 0.791117
628 0.762855
629 0.062023
630 0.816663
631 0.484043
632 0.189958
633 0.070152
634 0.921052
635 0.059955
636 0.064605
637 0.061463
638 0.253092
639 0.562951
640 0.059205
641 0.064238
642 0.074271
643 0.610654
644 0.089468
645 0.069744
646 0.057959
647 0.067767
648 0.061179
649 0.072302
650 0.068171
651 0.462854
652 0.254820
653 0.061179
654 0.060200
655 0.066073
656 0.062120
657 0.069482
658 0.069744
659 0.068352
660 0.062120
661 0.069682
662 0.054263
663 0.064238
664 0.199494
665 0.839112
666 0.063839
667 0.119454
668 0.066617
669 0.600706
670 0.468691
671 0.356211
672 0.988220
673 0.180825
674 0.734274
675 0.349736
676 0.065406
677 0.252086
678 0.219657
679 0.066073
680 0.489157
681 0.116258
682 0.063137
683 0.060567
684 0.676413
685 0.188043
686 0.202921
687 0.333340
688 0.069482
689 0.060972
690 0.141871
691 0.056062
692 0.311778
693 0.063626
694 0.527181
695 0.063171
696 0.063718
697 0.225963
698 0.059819
699 0.065072
700 0.090780
701 0.061179
702 0.252390
703 0.129098
704 0.067909
705 0.066489
706 0.063338
707 0.360595
708 0.066889
709 0.062927
710 0.060708
711 0.322047
712 0.055795
713 0.483413
714 0.065767
715 0.065820
716 0.058994
717 0.101456
718 0.483495
719 0.517815
720 0.058732
721 0.084028
722 0.747683
723 0.192401
724 0.069179
725 0.065257
726 0.062481
727 0.060238
728 0.111106
729 0.568023
730 0.206891
731 0.061899
732 0.057885
733 0.452661
734 0.248873
735 0.284812
736 0.068263
737 0.059357
738 0.466865
739 0.067167
740 0.313188
741 0.668440
742 0.065820
743 0.216118
744 0.067462
745 0.404200
746 0.067031
747 0.209474
748 0.096440
749 0.216040
750 0.201379
751 0.058483
752 0.061179
753 0.510608
754 0.204183
755 0.195367
756 0.064071
757 0.430100
758 0.067542
759 0.055795
760 0.150876
761 0.067462
762 0.212830
763 0.284698
764 0.342039
765 0.169132
766 0.242026
767 0.763744
768 0.402394
769 0.482439
770 0.420402
771 0.188131
772 0.126487
773 0.317419
774 0.067422
775 0.616578
776 0.123598
777 0.067297
778 0.070478
779 0.066217
780 0.068520
781 0.065406
782 0.189673
783 0.059247
784 0.204434
785 0.238503
786 0.174335
787 0.121829
788 0.141320
789 0.065435
790 0.058732
791 0.063626
792 0.063898
793 0.478182
794 0.198053
795 0.088204
796 0.063839
797 0.099278
798 0.064043
799 0.061668
800 0.483360
801 0.066617
802 0.053506
803 0.097246
804 0.099424
805 0.757604
806 0.549964
807 0.062291
808 0.057842
809 0.076764
810 0.060757
811 0.100537
812 0.061179
813 0.111065
814 0.619345
815 0.387935
816 0.199116
817 0.776277
818 0.058732
819 0.070478
820 0.065687
821 0.469803
822 0.062402
823 0.053718
824 0.060535
825 0.368870
826 0.899735
827 0.061179
828 0.061735
829 0.776973
830 0.228910
831 0.222735
832 0.391770
833 0.728209
834 0.192999
835 0.770125
836 0.066073
837 0.058732
838 0.057100
839 0.667059
840 0.058732
841 0.054727
842 0.065104
843 0.288221
844 0.104536
845 0.500107
846 0.067086
847 0.064003
848 0.064003
849 0.057508
850 0.065549
851 0.430480
852 0.519228
853 0.237692
854 0.060567
855 0.444088
856 0.124896
857 0.761821
858 0.065820
859 0.057959
860 0.757510
861 0.141255
862 0.728427
863 0.066741
864 0.104836
865 0.066423
866 0.096453
867 0.598863
868 0.063218
869 0.302704
870 0.057959
871 0.067031
872 0.534530
873 0.062927
874 0.676251
875 0.278592
876 0.177884
877 0.065923
878 0.064043
879 0.062927
880 0.070418
881 0.192508
882 0.374772
883 0.095941
884 0.071783
885 0.066585
886 0.066741
887 0.064071
888 0.065435
889 0.251221
890 0.279305
891 0.624742
892 0.624071
893 0.062120
894 0.064554
895 0.831083
896 0.067193
897 0.188919
898 0.055509
899 0.058398
900 0.065767
901 0.063460
902 0.062927
903 0.062538
904 0.061823
905 0.063494
906 0.698296
907 0.061574
908 0.445361
909 0.097862
910 0.467044
911 0.169450
912 0.749561
913 0.066073
914 0.110584
915 0.190783
916 0.141299
917 0.424848
918 0.068075
919 0.063218
920 0.552731
921 0.066073
922 0.997958
923 0.067031
924 0.269560
925 0.063460
926 0.066217
927 0.062243
928 0.091418
929 0.066310
930 0.060919
931 0.058120
932 0.065549
933 0.205762
934 0.055935
935 0.115150
936 0.070418
937 0.058178
938 0.131868
939 0.109336
940 0.064071
941 0.369192
942 0.063755
943 0.069650
944 0.764703
945 0.301235
946 0.271920
947 0.060567
948 0.542727
949 0.053532
950 0.062538
951 0.100704
952 0.065435
953 0.320358
954 0.066073
955 0.527856
956 0.056062
957 0.478578
958 0.056590
959 0.161264
960 0.147810
961 0.060200
962 0.068171
963 0.059205
964 0.264334
965 0.067977
966 0.069096
967 0.342368
968 0.064516
969 0.067297
970 0.067297
971 0.056730
972 0.562340
973 0.063755
974 0.751781
975 0.613334
976 0.492260
977 0.593504
978 0.062120
979 0.139476
980 0.063626
981 0.069551
982 0.072170
983 0.464931
984 0.062927
985 0.067619
986 0.093080
987 0.673598
988 0.304396
989 0.546003
990 0.067542
991 0.335737
992 0.560789
993 0.195016
994 1.238838
995 0.059756
996 0.069096
997 0.063626
998 0.296399
999 0.062402
1000 0.063718
