11.0728  11.9628
6.4617  6.5397
14.4880  21.8230
13.2676  23.2700
6.5496  6.5529
6.0566  10.9725
4.7973  4.8508
9.7391  11.3772
8.6978  9.9923
14.9580  52.8934
17.4703  20.1996
13.3519  14.4070
8.4314  9.5905
8.7681  8.8855
4.8006  4.8541
14.4776  15.6731
13.8594  15.9591
16.5844  25.4511
14.4020  25.2328
11.2162  19.2765
6.5793  6.5793
8.3633  11.7150
9.1740  9.9935
11.0522  0.0000
12.0114  16.2657
16.0786  18.3596
5.6198  10.2128
9.7326  11.0905
6.3087  6.3087
11.5748  12.5821
5.0706  5.1278
6.6247  10.0436
5.5408  5.5408
5.5773  5.6419
12.3900  14.3795
8.4562  9.4093
14.3684  15.4931
13.7231  16.1053
8.7411  9.5240
6.7138  12.0766
19.1567  33.2188
8.7893  8.7918
4.7329  4.7338
15.6120  17.2682
11.6629  17.1043
5.1401  9.2190
15.2382  16.4213
18.3835  26.2551
10.8459  12.3248
6.2025  6.2764
12.9730  14.8808
9.3138  10.7001
12.4216  19.4774
4.7341  4.7341
7.3222  7.4142
5.5375  5.6015
8.7133  10.0100
13.5212  15.2974
11.2123  12.7802
9.1854  10.5484
43.6699  0.0000
14.8130  15.9677
12.9014  13.9252
9.2246  10.0468
18.7609  72.6133
11.5804  13.2057
7.3810  10.2331
8.5429  9.2344
4.5234  8.3923
15.9027  18.2657
6.6675  11.9969
4.5872  4.5880
5.8286  5.8969
10.0578  11.5378
4.4942  4.5443
12.2941  14.0225
13.9033  15.0585
12.2865  44.2307
4.6780  4.7298
10.2839  11.1164
11.8069  13.5539
9.0020  10.3418
9.3887  9.3915
15.6616  17.7026
11.9776  13.3026
4.7267  4.7791
11.6944  12.7109
11.7498  13.3360
5.7016  5.7028
11.6697  13.6495
13.1206  14.1596
7.0879  7.1760
11.5645  13.1875
16.7916  19.2906
8.7164  10.0194
19.5060  24.9093
10.4340  11.2775
4.5659  4.5677
9.5494  10.9539
7.0731  7.1610
tot: 1058.0192   1326.0498
average: 10.5802   13.2605
