11.9628  12.5255
6.5397  6.5397
21.8230  0.0000
23.2700  49.0307
6.5529  11.1949
10.9725  10.9686
4.8508  4.8508
11.3772  11.0523
9.9923  9.9923
52.8934  59.1912
20.1996  20.1996
14.4070  15.0718
9.5905  9.6572
8.8855  8.8855
4.8541  4.8541
15.6731  15.6739
15.9591  29.6079
25.4511  25.4581
25.2328  54.8714
19.2765  19.8658
6.5793  6.5793
11.7150  11.7884
9.9935  9.9935
0.0000  12.5560
16.2657  16.2657
18.3596  18.4687
10.2128  10.2279
11.0905  11.1157
6.3087  6.3087
12.5821  12.5818
5.1278  5.1278
10.0436  11.9035
5.5408  5.5408
5.6419  5.6419
14.3795  14.2495
9.4093  9.8920
15.4931  15.4931
16.1053  16.1053
9.5240  10.1736
12.0766  12.1522
33.2188  33.2188
8.7918  8.7922
4.7338  4.7338
17.2682  0.0000
17.1043  13.2107
9.2190  0.0000
16.4213  17.1046
26.2551  0.0000
12.3248  12.3559
6.2764  6.2764
14.8808  14.9627
10.7001  10.7001
19.4774  0.0000
4.7341  4.7341
7.4142  7.4142
5.6015  5.6015
10.0100  10.0100
15.2974  15.2974
12.7802  12.8414
10.5484  10.5965
0.0000  0.0000
15.9677  0.0000
13.9252  13.9252
10.0468  10.0503
72.6133  87.2782
13.2057  26.2979
10.2331  10.2297
9.2344  9.2346
8.3923  8.3923
18.2657  37.5410
11.9969  12.0746
4.5880  4.5880
5.8969  5.8969
11.5378  11.5378
4.5443  4.5443
14.0225  14.0225
15.0585  15.4237
44.2307  50.9157
4.7298  4.7298
11.1164  11.1164
13.5539  13.5539
10.3418  10.3419
9.3915  9.3915
17.7026  17.7026
13.3026  13.7560
4.7791  4.7791
12.7109  12.7105
13.3360  13.3360
5.7028  5.7030
13.6495  13.6495
14.1596  14.1596
7.1760  7.1760
13.1875  0.0000
19.2906  19.2906
10.0194  10.0194
24.9093  26.9050
11.2775  11.2775
4.5677  4.5677
10.9539  10.9539
7.1610  7.1610
tot: 1326.0498   1353.7406
average: 13.2605   13.5374
zero: 2    8
