1    3147.0000
2    3474.0000
3    8047.0000
4    1820.0000
5    2249.0000
6    2601.0000
7    2288.0000
8    2850.0000
9    1444.0000
10    4195.0000
11    8694.0000
12    4044.0000
13    7971.0000
14    2228.0000
15    5360.0000
16    4152.0000
17    2896.0000
18    6373.0000
19    8663.0000
20    9775.0000
21    2605.0000
22    5896.0000
23    5381.0000
24    6339.0000
25    1616.0000
26    5481.0000
27    1347.0000
28    2607.0000
29    2533.0000
30    3353.0000
31    6101.0000
32    1460.0000
33    1448.0000
34    8528.0000
35    3059.0000
36    6533.0000
37    3787.0000
38    5611.0000
39    8125.0000
40    3956.0000
41    4833.0000
42    2765.0000
43    2859.0000
44    5553.0000
45    5283.0000
46    2187.0000
47    1642.0000
48     934.0000
49    3682.0000
50    7466.0000
51    9966.0000
52    2272.0000
53    5543.0000
54    2532.0000
55    3281.0000
56    7341.0000
57    6065.0000
58    2935.0000
59    4409.0000
60    9026.0000
61    1923.0000
62    2109.0000
63    1681.0000
64    4080.0000
65    4991.0000
66    5010.0000
67    6970.0000
68    2143.0000
69    3865.0000
70    3646.0000
71    3014.0000
72    2926.0000
73    1481.0000
74    9507.0000
75    1687.0000
76    7779.0000
77    4011.0000
78    1771.0000
79    4076.0000
80    2494.0000
81    8646.0000
82    2771.0000
83    2345.0000
84    5879.0000
85    2464.0000
86    1350.0000
87    4117.0000
88    6567.0000
89    3202.0000
90    2537.0000
91    2045.0000
92    5146.0000
93    6212.0000
94    2609.0000
95    2832.0000
96    2541.0000
97    3755.0000
98    5834.0000
99    2566.0000
100    2173.0000
101     876.0000
102    2038.0000
103    6154.0000
104    3333.0000
105   10342.0000
106    2792.0000
107    9536.0000
108    2472.0000
109    5017.0000
110    5497.0000
111    5673.0000
112    1490.0000
113    3396.0000
114    2409.0000
115    5296.0000
116    2248.0000
117    1653.0000
118    7932.0000
119    4735.0000
120    7054.0000
121    4665.0000
122    4304.0000
123    1382.0000
124    2974.0000
125    7340.0000
126    3875.0000
127    2045.0000
128    6288.0000
129    6886.0000
130    5837.0000
131    4984.0000
132    5826.0000
133    3937.0000
134    2730.0000
135     915.0000
136    3119.0000
137    2175.0000
138    4814.0000
139    8295.0000
140    2433.0000
141    3312.0000
142    5985.0000
143    2090.0000
144    4566.0000
145    1545.0000
146    8187.0000
147    2919.0000
148    6343.0000
149   10172.0000
150    4212.0000
151    5516.0000
152    3110.0000
153    3665.0000
154    6760.0000
155    2723.0000
156    2115.0000
157    2725.0000
158    1429.0000
159    4913.0000
160    3853.0000
161    4734.0000
162    3953.0000
163    6761.0000
164    3645.0000
165    3942.0000
166    5097.0000
167    3687.0000
168    2449.0000
169    4953.0000
170   10209.0000
171    3564.0000
172    5103.0000
173    4835.0000
174    2676.0000
175    6341.0000
176    5054.0000
177    3461.0000
178    3319.0000
179     667.0000
180    4420.0000
181    4446.0000
182    5500.0000
183    4668.0000
184    4638.0000
185    4633.0000
186    5285.0000
187    4651.0000
188    1858.0000
189    3199.0000
190    1434.0000
191    7007.0000
192    7016.0000
193    5639.0000
194    2211.0000
195    2218.0000
196    6799.0000
197    4035.0000
198    3594.0000
199    3494.0000
200    7835.0000
201    7877.0000
202    4324.0000
203    2007.0000
204    4219.0000
205    3168.0000
206    5693.0000
207    7858.0000
208    6063.0000
209    7287.0000
210    3342.0000
211    3767.0000
212    4963.0000
213    5816.0000
214    8965.0000
215    6564.0000
216    7922.0000
217    8714.0000
218    3971.0000
219    3409.0000
220    4624.0000
221    1449.0000
222    2505.0000
223    4590.0000
224    5513.0000
225    6960.0000
226    7298.0000
227    1527.0000
228    1491.0000
229    7328.0000
230    4770.0000
231    4475.0000
232    9637.0000
233    3644.0000
234    4941.0000
235    3790.0000
236    3364.0000
237    2427.0000
238    1308.0000
239    7434.0000
240    9348.0000
241    2071.0000
242    6650.0000
243    5998.0000
244    3956.0000
245    6568.0000
246    3800.0000
247    3373.0000
248    9495.0000
249    3370.0000
250    4112.0000
251    6072.0000
252    5450.0000
253    4360.0000
254    4376.0000
255    6152.0000
256    9819.0000
257    8795.0000
258    5387.0000
259    2142.0000
260    8410.0000
261    2173.0000
262    5583.0000
263    4290.0000
264    9723.0000
265    6808.0000
266    6332.0000
267    4478.0000
268    5490.0000
269    3714.0000
270    7954.0000
271    7092.0000
272    6373.0000
273    5044.0000
274    1403.0000
275    6879.0000
276    3203.0000
277    3113.0000
278    9557.0000
279   10486.0000
280    3649.0000
281    3429.0000
282    3450.0000
283    1279.0000
284    6477.0000
285    5007.0000
286    3579.0000
287    7915.0000
288    2180.0000
289    2881.0000
290    1435.0000
291    7374.0000
292    7938.0000
293    5313.0000
294    5625.0000
295    6248.0000
296    2390.0000
297   10318.0000
298    5526.0000
299    3086.0000
300    5321.0000
4613.7533
