000000000000000000
011111111111000000
010000000001100000
010000000001100000
010000000001100000
010011111001100000
010000000001100000
010000000001100000
010000000011100000
010000000101100000
010000000101100000
010000001011100000
010001010111100000
010010101111100000
011111111111100000
011000000000100000
001111111111100000
000000000000000000
000000000000000000
011111111111000000
010000000001100000
010000000001100000
010000000001100000
010011111001100000
010000000001100000
010000000001100000
010000000011100000
010000000101100000
010000000101111100
010000001011100100
010001010111100111
010010101110000001
011111111110000001
011000000011100111
001111111111100100
000000000000111100
000000000000000000
011111111111000000
010000000001100000
010000000001100000
010000000001100000
010011111001100000
010000000001100000
010000000001100000
010000000011100000
010000000101010000
010000000101001000
010000001011000100
010001010111000010
010010101111000111
011111111111110100
011000000001110010
001111111111101010
000000000000000110
000000000000000000
000011111111000000
000100000000100000
001000000000110000
001100000001110000
001011111111010000
001000000000010000
001000000000110000
001100000001111110
001011111110000100
001000000100001000
001000001110011110
001100000010000100
001011111110001000
001000000010110000
000100000011100000
000011111111000000
000000000010000000
000000000000000000
000011111111000000
000100000000100000
001000000000110000
001100000001110000
001011111111010000
001000000000010000
001000000000110000
001100000001110000
001011111111010000
001000000000011100
001000000000110110
001100000001111010
001011111111111111
001000000000100001
000100000001111111
000011111111100001
000000000000111111
000000000000000000
000011111111000000
000100000000100000
001000000000110000
001100000001110000
001011111111010000
001000000000010000
001000000000110000
001100000001110000
001011111111010000
001000000000110100
001000000001011010
001100000010001001
001011111111100010
001000000001000110
000100000010010001
000011111111011010
000000000000100100
000000000000000000
000011111111000000
000100000000100000
001000000000110000
001100000001110000
001011111111010000
001000000000010000
001000000000110000
001100000001110000
001011111111010000
001000000000011000
001000000000111100
001100000011111010
001011111110000001
001000000010000011
000100000011111110
000011111111001100
000000000000001000
000000000000000000
000011111111000000
000100000000100000
001000000000110000
001100000001110000
001011111111010000
001000000000010000
001000000000110000
001100000001110000
001011111111010000
001000000000110000
001000000001001000
001100000010000100
001011111110000100
001000000001001000
000100000001111100
000011111111000110
000000000000000011
000000000000000000
000011111111000000
000100000000100000
001000000000110000
001100000001110000
001011111111010000
001000000000010000
001000000001110000
001100000001110000
001011111111010000
001000000001001000
001000000001000100
001100000001000010
001011111111000111
001000000001110100
000100000001110010
000011111111001010
000000000000000110
000000000000000000
000000011110000000
000000111011000000
000001011011100000
000010111111110000
000100101011101000
000110000111111000
000100011110011000
000100011100011000
000010001100010000
000011000100110000
000100100001011000
000110011110111000
000101111111101000
000100000000011000
000010000000110000
000001111111100000
000000000000000000
000000000000000000
000011111111000000
000100000000100000
001000000000110000
001100000001110000
001011111111010000
001000000000010000
001000000000110000
001100000001110000
001011111111010000
001000000000010000
001000000000110000
001100000011111111
001011111110000001
001000000010000001
000100000011111111
000011111111000000
000000000000000000
000000000000000000
000000011111100000
000000100001000000
000001000010000000
000011100111100000
000000100001000000
000000100010000000
000000101100000000
000000111000000000
000011111111000000
000100100000100000
001000000000110000
001100000001110000
001011111111010000
001000000000110000
000100000001100000
000011111111000000
000000000000000000
000000000000011000
000011111111101100
000100000001000110
001000000011100111
001100000001100100
001011111111100100
001000000000100100
001000000000111100
001100000001110000
001011111111010000
001000000000010000
001000000000110000
001100000001110000
001011111111010000
001000000000110000
000100000001100000
000011111111000000
000000000000000000
000000000000000000
011111111111000000
010000000001100000
010000000001100000
010000000001100000
010011111001100000
010000001111111100
010000001000000110
010000001000000110
010000001000000110
010000001001100110
010000001000001110
010001011000000110
010010101000101110
011111111000011110
011000001010111110
001111111111111110
000000001111111110
000000000000000000
000011111111000000
000100000000100000
001000000000110000
001100000001110000
001011111111010000
001000000000010000
001000000000110000
001100000001110000
001011111111011000
001000000000100100
001000000001000010
001100000001000010
001011111111100100
001000000000111100
000100000001000010
000011111110000111
000000000011111111
000000000000000000
000000000000000000
000000111111000000
000001100001100000
000010001000010000
000100000100011000
001100000100001100
001000001100000100
001000010010001100
001000010010000100
001000001100001100
001100010000011100
000100100000111000
000011000001110000
000001101011100000
000000111111000000
000000000000000000
000000000000000000
000000000000000000
000000000000000010
000000000000000110
000000000001111100
000000000010001000
000000001100001000
000000000100001000
000000000010110000
000010010001100000
000011101000100000
000100110000000000
001000010000000000
001000011000000000
001001100000000000
001111000000000000
011000000000000000
010000000000000000
000000000000000000
000000000000000000
001111111100000000
001000000110000000
001000000101000000
001000000100100000
001000000111110000
001000000000010000
001000000000010000
001000000000010000
001000000000010000
001000000000010000
001000000000010000
001000000000010000
001000000000010000
001000000000010000
001000000000110000
001111111111110000
000000000000000000
000000000000000000
001111111100000000
001000000110000000
001000000101000000
001000000100100000
001000000111110000
001000000000010000
001000000000010000
001000000000010000
001000000000010000
001000000000111100
001000000000100100
001000000011100111
001000000010000001
001000000010000001
001000000011100111
001111111111100100
000000000000111100
000000001111111110
001111110000000001
001000010000000001
001000010000000001
001000010000000001
001000011000000011
001000001110001110
001000000001110000
001000000011110000
001000000111010000
001000000000010000
001000000000010000
001000000000010000
001000000000010000
001000000000010000
001000000000110000
001111111111110000
000000000000000000
000000000000000000
001111111100000000
001000000110000000
001000000101000000
001000000100100000
001000000111110000
001000000000010000
001000000000010000
001000000000010000
001000000000010000
001000000000111100
001000000000100100
001000000000100100
001000000000100100
001000000011100111
001000000001000110
001111111111101100
000000000000011000
000000000000000000
001111111100000000
001000000110000000
001000000101000000
001000000100100000
001000000111110000
001000000000010000
001000000000010000
001000000000010000
001000000000010000
001000000000010110
001000000000011001
001000000000010001
001000000000100010
001000000001000100
001000000010101000
001111111111010000
000000000011100000
000000000000000000
001111111100000000
001000000110000000
001000000101000000
001000000100100000
001000000111110000
001000000000010000
001000000000010000
001000000000010000
001000001110010000
001000010001010000
001000010011111110
001000011111000001
001000010000000001
001000010000000001
001000010000000011
001111110000000111
000000001111111110
000000000000000000
001111111100000000
001000000110000000
001000000101000000
001000000100100000
001000000111110000
001000000000010000
001000000000010000
001000000000010000
001000000000010000
001100000000010000
001100000000010000
010111110000010000
100000010000010000
110000010000010000
011111110000110000
001111111111110000
000100000000000000
000000000000000000
011111111111000000
010000000001100000
010000000001100000
010000000001100000
010011111001100000
010000000001100000
010000000001100000
010000000011100000
010000000101100000
010000000101100000
010000001011100000
010001010111111111
010010101110000001
011111111110000001
011000000011111111
001111111111100000
000000000000000000
000000000000000000
001111111100000000
001000000110000000
001000000101000000
001000000100100000
001000000111110000
001000000000010000
001000000000010000
001000000000010000
001000000000010000
001000000000011100
001000000000010110
001000000000011010
001000000000111111
001000000000100001
001000000000111111
001111111111100001
000000000000111111
000000000000000000
001111111100000000
001000000110000000
001000000101000000
001000000100100000
001000000111110000
001000000000010000
001000000000010000
001000000000010000
001000000000010000
001000000000110100
001000000001011010
001000000010001001
001000000001100010
001000000001000110
001000000010010001
001111111111011010
000000000000100100
000000000000000000
001111111100000000
001000000110000000
001000000101000000
001000000100100000
001000000111110000
001000000000010000
001000000000010000
001000000000010000
001000000000010000
001000000000011000
001000000000011100
001000000011111010
001000000010000001
001000000010000011
001000000011111110
001111111111111100
000000000000001000
000000000000000000
001111111100000000
001000000110000000
001000000101000000
001000000100100000
001000000111110000
001000000000010000
001000000000010000
001000000000010000
001000000000010000
001000000000110000
001000000001001000
001000000010000100
001000000010000100
001000000001001000
001000000000111100
001111111111110110
000000000000000011
000000000000000000
001111111100000000
001000000110000000
001000000101000000
001000000100100000
001000000111110000
001000000000010000
001000000001010000
001000000001110000
001000000001010000
001000000001001000
001000000001000100
001000000001000010
001000000001000111
001000000001110100
001000000001110010
001111111111111010
000000000000000110
000000000000000000
001111111100000000
001000000110000000
001000000101000000
001000000100100000
001000000111110000
001000000000010000
001000000000010000
001000000000010000
001000000000010000
001000000000010000
001000000000010000
001000000011111111
001000000010000001
001000000010000001
001000000011111111
001111111111110000
000000000000000000
000000000000011000
001111111100101100
001000000111000110
001000000111100111
001000000100100100
001000000111100100
001000000000100100
001000000000111100
001000000000010000
001000000000010000
001000000000010000
001000000000010000
001000000000010000
001000000000010000
001000000000010000
001000000000110000
001111111111110000
000000000000000000
000000000000000000
001111111100000000
001000000110000000
001000000101000000
001000000100100000
001000000111110000
001000000000010000
001000000000010000
001000000000010000
001000000000011000
001000000000100100
001000000001000010
001000000001000010
001000000000100100
001000000000111100
001000000001000010
001111111110000111
000000000011111111
000000000000000000
000000000000000000
000001111110000000
000001000011000000
000111000010100000
000101000011110000
011101000000010000
010101000000010000
010101000000010000
010101000000010000
010101000000010000
010101000000110000
010101111111110000
010100000011000000
010111111111000000
010000001100000000
011111111100000000
000000000000000000
000000000000000000
000000000000000000
000001111110000000
000001000011000000
000001000010100000
000001000011110000
011111000000010000
010001000000010000
010001000000010000
010001000000010000
010001000000010000
010001000000110000
010001111111110000
010000000100000000
010000000100000000
010000001100000000
011111111100000000
000000000000000000
000000000000011000
011111111111101100
010000000001000110
010000000011100111
010000000001100100
010011111001100100
010000000001100100
010000000001111100
010000000011100000
010000000101100000
010000000101100000
010000001011100000
010001010111100000
010010101111100000
011111111111100000
011000000000100000
001111111111100000
000000000000000000
000000000000000000
000000000000000000
000000000000000000
000000000000000000
000000000000000000
011111111111111110
011000000000000110
010100000000001010
010010000000010010
010001000000100010
010000100001000010
010000110011000010
010001001100100010
010010000000010010
010100000000001010
011000000000000110
011111111111111110
000000000000000000
000000011110000000
000000100001000000
000001000000100000
000010000000010000
000100000000001000
011011111111110110
011010000000010110
010110111111011010
010010111111010010
010001111111100010
010000111111000010
010000111111000010
010001000000100010
010010000000010010
010100000000001010
011000000000000110
011111111111111110
000000000000000000
000000000000000000
000000000000000000
000000001100000000
000000010010000000
000000100001000000
000001001100100000
000010001100010000
000100001100001000
001000001100000100
001000001100001100
000100000000011000
000010001100110000
000001001101100000
000000100011000000
000000010110000000
000000001100000000
000000000000000000
000000000000000000
000000000000000000
000000000000000000
000101111110100000
000111111111100000
000101111110100000
000111111111100000
000101111110100000
000111111111100000
000101111110100000
000111111111100000
000101111110100000
000111111111100000
000101111110100000
000111111111100000
000101111110100000
000111111111100000
000101111110100000
000000000000000000
000000000000000000
000000000000000000
000110000000000000
000111111110000000
000110110011111000
000110101010011000
000110100111001000
000110110010101000
000111111110011000
000110000111111000
000110000000000000
000110000000000000
000110000000000000
000110000000000000
000110000000000000
000110000000000000
000110000000000000
000000000000000000
000000000000000000
000000000000000000
011111111111110000
010001111100101000
010001111100100100
010001111100100100
010001111100100100
010001111111100100
010000000000000100
010000000000000100
010111111111110100
010100000000010100
010101111111010100
010100000000010100
010101111111010100
010100000000011100
011111111111111100
000000000000000000
000000000000000000
000000000000000000
000000000000000000
001111100000000000
010000010000000000
010000111111111100
011111110000000010
010000000000000010
010000000000000010
010000000000000010
010000000000000010
010000000000000010
010000000000000110
010000000000001110
001111111111111100
000000000000000000
000000000000000000
000000000000000000
000000000000000000
000000000000000000
000000000000000000
001111100000000000
010000010000000000
010000111111111100
011111110000000010
010000000000000010
010000000000000010
010000000000000010
010000000000111110
010000000000100110
010000000011100111
010000000010000001
001111111110000001
000000000011100111
000000000000100100
000000000000111100
000000000000000000
000000000000000000
000000000000000000
001111100000000000
010000010000000000
010000111111111100
011111110000000010
010000000000000010
010000000000000010
010000000000000010
010000000000111110
010000000000100110
010000000000100110
010000000000100110
001111111111100111
000000000001000110
000000000000101100
000000000000011000
000000000000000000
000000000000000000
000000000000000000
001111100000000000
010000010000000000
010000111111111100
011111110000000010
010000000000000010
010000000000000010
010000000000000010
010000000000000110
010000000000001001
010000000000010001
010000000000100010
001111111111000100
000000000010101000
000000000011010000
000000000011100000
000000000000000000
011111111111000000
010000000001100000
010000000001100000
010000000001100000
010011111001100000
010000000001100000
010000000001100000
010000000011100000
010000000101111000
010000000101100100
010000001011000010
010001010111000010
010010101111100100
011111111111111100
011000000001000010
001111111110000111
000000000011111111
000000000000000000
000000000000000000
000000000000000000
001111100000000000
010000010000000000
010000111111111100
011111110000000010
010000000000000010
010000011100000010
010000100010000010
010000100111111110
010000111110000001
010000100000000001
010000100000000001
001111100000000001
000000100000000011
000000100000000111
000000011111111110
000000000000000000
000000000000000000
000000000000000000
001111100000000000
010000010000000000
010000111111111100
011111110000000010
010000000000000010
010000000000000010
010000000000000010
010100000000000010
011100000000000010
010111110000000110
100000010000001110
110000011111111100
011111110000000000
001100000000000000
000100000000000000
000000000000000000
000000000000000000
000000000000000000
001111100000000000
010000010000000000
010000111111111100
011111110000000010
010000000000000010
010000000000000010
010000000000000010
010000000000001110
010000000000010110
010000000000011010
010000000000111111
001111111111100001
000000000000111111
000000000000100001
000000000000111111
000000000000000000
000000000000000000
000000000000000000
001111100000000000
010000010000000000
010000111111111100
011111110000000010
010000000000000010
010000000000000010
010000000000000010
010000000000100110
010000000001011010
010000000010001001
010000000001100010
001111111111000110
000000000010010001
000000000001011010
000000000000100100
000000000000000000
000000000000000000
000000000000000000
001111100000000000
010000010000000000
010000111111111100
011111110000000010
010000000000000010
010000000000000010
010000000000000010
010000000000001010
010000000000001110
010000000011111010
010000000010000001
001111111110000011
000000000011111110
000000000000001100
000000000000001000
000000000000000000
000000000000000000
000000000000000000
001111100000000000
010000010000000000
010000111111111100
011111110000000010
010000000000000010
010000000000000010
010000000000000010
010000000000110010
010000000001001010
010000000010000110
010000000010000110
001111111111001100
000000000000111100
000000000000000110
000000000000000011
000000000000000000
000000000000000000
000000000000000000
001111100000000000
010000010000000000
010000111111111100
011111110000000010
010000000001000010
010000000001100010
010000000001010010
010000000001001010
010000000001000110
010000000001000010
010000000001000111
001111111111110100
000000000001010010
000000000000001010
000000000000000110
000000000000000000
000000000000000000
000000000000000000
001111100000000000
010000010000000000
010000111111111100
011111110000000010
010000000000000010
010000000000000010
010000000000000010
010000000000000010
010000000000000010
010000000011111111
010000000010000001
001111111110000001
000000000011111111
000000000000000000
000000000000000000
000000000000011000
000000000000101100
000000000001000110
001111100011100111
010000010000100100
010000111111100100
011111110000100110
010000000000111110
010000000000000010
010000000000000010
010000000000000010
010000000000000010
010000000000000110
010000000000001110
001111111111111100
000000000000000000
000000000000000000
000000000000000000
000000000000000000
000000000000000000
000000000000000000
001111100000000000
010000010000000000
010000111111111100
011111110000000010
010000000000000010
010000000000000010
010000000000011010
010000000000100110
010000000001000010
010000000001000010
010000000000100110
001111111111111100
000000000001000010
000000000010000111
000000000011111111
000000000000000000
000000000000000000
011111111111111110
011111111111111110
011111111111111110
010000000000000010
010000000000000010
010000000000001010
010000000000010010
010000000000000010
010000000000001010
010000000000010010
010000000000101010
010000001001011010
010000010010111010
010000000000000010
011111111111111110
000000000000000000
000000000000000000
000000000000000000
000000000000000000
001111100000000000
010000010000000000
010000111111111100
011111111000000010
010000000000000010
011000000000000010
110101010101010110
100110101010101010
100100000000000010
101100000000000110
111100000000001110
001111111111111100
000000000000000000
000000000000000000
000000000000000000
000000000000000000
000000000000000000
000001111000000000
000010000100000000
000110001111111100
001011111100000010
011010000000000010
101110000000000010
101010000000000010
111010000000000010
101010000000000110
101010000000001110
101001111111111100
101000000000111000
100111111111110000
100000000011100000
011111111111000000
000000000000000000
000000000000000000
000000000000000000
000000000000000000
000011100011100000
000100010100010000
001000001000001000
001000000000101000
001000000001011000
001000000000111000
000101000101110000
000010101011100000
000001010111000000
000000101110000000
000000011100000000
000000001000000000
000000000000000000
000000000000000000
000000000000000000
000000000000000000
000000000000011000
000000000000100100
000000000001000100
000000000010000100
000000000100100100
000000001001000100
000000010010011100
000011100100010000
000100001000110000
001000000011100000
010000000100000000
010000000100000000
010010000100000000
001000011000000000
000101110000000000
000011100000000000
000000000000000000
000000000000000000
000000011110000000
000000100001000000
000001000000100000
000010000000010000
000010000100010000
000010001010010000
000010010100110000
000001101001100000
000000111111000000
000000011110000000
000000010010000000
000000101101000000
000000111111000000
000000011110000000
000000111111000000
000000011110000000
000000000000000000
000000000000000000
000100011110001000
000010100001010000
000001000000100000
011010000000010110
000010000100010000
000010001010010110
011010010100010000
000001001000100000
000010101101010000
000100010010001000
000000010010000000
000000101101000000
000000111111000000
000000011110000000
000000111111000000
000000011110000000
000000000000000000
000000000000000000
000000111110000000
000001000001000000
000010011100100000
000010100010100000
000010100010100000
000010100010100000
000010100010100000
000111111111110000
000100000000010000
000111111111110000
000100000000010000
000111111111110000
000100000000010000
000111111111110000
000100000000010000
000111111111110000
000000000000000000
000000111110000000
000001000001000000
000010011100100000
000010100010100000
000010100010100000
000011100010100000
000000000010100000
000000000010100000
000111111111110000
000100000000010000
000111111111110000
000100000000010000
000111111111110000
000100000000010000
000111111111110000
000100000000010000
000111111111110000
000000000000000000
000000000000000000
000000000000000000
000000000000000000
000000000000000000
000000000000000000
011111111111111110
010000000000000010
010111000000011010
010000000000011010
010000000000000010
010000000000000010
010000111111000010
010000111111000010
010000111111000010
010000000000000010
010000000000000110
011111111111111110
000000000000000000
000000000000000000
000000000000000000
000000000000000000
000000000000000000
000000000000000000
000000000000000000
000000000000000000
000000000000000000
000000000000000000
000000000000000000
000000000000111100
000000000000100100
000000000011100111
000000000010000001
000000000010000001
000000000011100111
000000000000100100
000000000000111100
000000000000000000
000000000000000000
011111111111111110
011111111111111110
011111111111111110
010000000000000010
010000000000000010
010000000000001010
010000000000010010
010000000000000010
010000000000111110
010000000000100110
010000000011100111
010000001010000001
010000010010000001
010000000011100111
011111111111100110
000000000000111100
000000000000000000
000000000000000000
000000000000000000
000000000000000000
000000000000000000
000000000000000000
000000000000000000
000000000000000000
000000000000000000
000000000000000000
000000000000111100
000000000000100100
000000000000100100
000000000000100100
000000000011100111
000000000001000110
000000000000101100
000000000000011000
000000000000000000
000000000000000000
000000000000000000
000000000000000000
000000000000000000
000000000000000000
000000000000000000
000000000000000000
000000000000000000
000000000000000000
000000000000000110
000000000000001001
000000000000010001
000000000000100010
000000000001000100
000000000010101000
000000000011010000
000000000011100000
000000000000000000
000000000000000000
000000000000000000
000000000000000000
000000000000000000
000000000000000000
000000000000000000
000000000000000000
000000000000000000
000000000000000000
000000000000001100
000000000000010110
000000000000011010
000000000000111111
000000000000100001
000000000000111111
000000000000100001
000000000000111111
000000000000000000
000000000000000000
000000000000000000
000000000000000000
000000000000000000
000000000000000000
000000000000000000
000000000000000000
000000000000000000
000000000000000000
000000000000110000
000000000001001000
000000000010000100
000000000010000100
000000000001001000
000000000000111100
000000000000000110
000000000000000011
000000000000000000
000000000000000000
000000000000000000
000000000000000000
000000000000000000
000000000000000000
000000000000000000
000000000000000000
000000000000000000
000000000000000000
000000000000001000
000000000000001100
000000000011111010
000000000010000001
000000000010000011
000000000011111110
000000000000001100
000000000000001000
000000000000000000
000000000000000000
000000000000000000
000000000000000000
000000000000000000
000000000000000000
000000000000000000
000000000000000000
000000000000000000
000000000000000000
000100000000000000
001100000000000000
010111110000000000
100000010000000000
110000010000000000
011111110000000000
001100000000000000
000100000000000000
000000000000000000
000000000000000000
000000000000000000
000000000000000000
000000000000000000
000000000000000000
000000000000000000
000000000000000000
000000000000000000
000000000000000000
000000000000100100
000000000001011010
000000000010001001
000000000001100010
000000000001000110
000000000010010001
000000000001011010
000000000000100100
000000000000000000
000000000000000000
000000000000000000
000000000000000000
000000000000000000
000000000000000000
000000000000000000
000000000001000000
000000000001100000
000000000001010000
000000000001001000
000000000001000100
000000000001000010
000000000001000111
000000000001110100
000000000001010010
000000000000001010
000000000000000110
000000000000000000
000000000000000000
000000000000000000
000000000000000000
000000000000000000
000000000000000000
000000000000000000
000000000000000000
000000000000000000
000000001110000000
000000010001000000
000000010011111110
000000011111000001
000000010000000001
000000010000000001
000000010000000011
000000010000000111
000000001111111110
000000000000000000
000000000000000000
000000000000000000
000000000000000000
000000000000000000
000000000000000000
000000000000000000
000000000000000000
000000000000000000
000000000000000000
000000000000000000
000000000000000000
000000000011111111
000000000010000001
000000000010000001
000000000011111111
000000000000000000
000000000000000000
000000000000000000
000000000000000000
011111111111111110
011111111111111110
011111111111111110
010000000000000010
010000000000000010
010000000000001010
010000000000010010
010000000000000010
010000000000111110
010000000000100110
010000000000100110
010000001001100110
010000010011100111
010000000001000110
011111111111101110
000000000000011000
000000000000011000
000000000000101100
000000000001000110
000000000011100111
000000000000100100
000000000000100100
000000000000100100
000000000000111100
000000000000000000
000000000000000000
000000000000000000
000000000000000000
000000000000000000
000000000000000000
000000000000000000
000000000000000000
000000000000000000
000000000000000000
000000000000000000
000000000000000000
000000000000000000
000000000000000000
000000000000000000
000000000000000000
000000000000000000
000000000000000000
000000000000000000
000000000000011000
000000000000100100
000000000001000010
000000000001000010
000000000000100100
000000000000111100
000000000001000010
000000000010000111
000000000011111111
000000000000000000
000000000000000000
000000000000000000
011111111111111110
010000000000000010
010111111111111010
010111111111111010
010111111111111010
010111111111111010
010111111111111010
010111111111111010
010111111111111010
010000000000000010
011111111111111110
000000100011100000
000001000001110000
000001111111110000
000000000000000000
000000000000000000
000000000000000000
000000000000000000
000000000000000000
000001111111111100
000010000100001100
000100001000010100
001111111111100100
001000000000100100
001000000000100100
001000000000100100
001000000000100100
001000000000100100
001000000000100100
001000000000101000
001000000001110000
001111111111100000
000000000000000000
000000000000000000
000000000000000000
000000000000000000
000000000000000000
000001111111111100
000010000100001100
000100001000010100
001111111111100100
001000000000100100
001000000000100100
001000000000111100
001000000000100100
001000000011100111
001000000010000001
001000000010000001
001000000011100111
001111111111100100
000000000000111100
000000000000000000
000000000000000000
000000000000000000
000000000000000000
000001111111111100
000010000100001100
000100001000010100
001111111111100100
001000000000100100
001000000000100100
001000000000111100
001000000000100100
001000000000100100
001000000000100100
001000000011100111
001000000001000110
001111111111101100
000000000000011000
000000000000000000
000000000000000000
000000000000000000
000000000000000000
000001111111111100
000010000100001100
000100001000010100
001111111111100100
001000000000100100
001000000000100100
001000000000100110
001000000000101001
001000000000110001
001000000000100010
001000000001000100
001000000010101000
001111111111010000
000000000011100000
000000000000000000
000000000000000000
000000000000000000
000000000000000000
000001111111111100
000010000100001100
000100001000010100
001111111111100100
001000000000100100
001000001110100100
001000010001100100
001000010011111110
001000011111000001
001000010000000001
001000010000000001
001000010000000011
001111110000000111
000000001111111110
000000000000000000
000000000000000000
000000000000000000
000000000000000000
000001111111111100
000010000100001100
000100001000010100
001111111111100100
001000000000100100
001000000000100100
001100000000100100
001100000000100100
010111110000100100
100000010000100100
110000010000101000
011111110001110000
001111111111100000
000100000000000000
000000000000000000
000000000000000000
000000000000000000
000000000000000000
000001111111111100
000010000100001100
000100001000010100
001111111111100100
001000000000100100
001000000000100100
001000000000101100
001000000000110110
001000000000111010
001000000000111111
001000000000100001
001000000001111111
001111111111100001
000000000000111111
000000000000000000
000000000000000000
011111111111111110
011111111111111110
011111111111111110
010000000000000010
010000000000000010
010000000000001010
010000000000010010
010000000000000010
010000000000001110
010000000000011001
010000000000110001
010000001001100010
010000010011000110
010000000010101010
011111111111011110
000000000011100000
000000000000000000
000010000000000010
000110000000000110
001001000000001100
010001111111110100
010011110000011100
001111000000110100
001111111111100100
001000000000100100
001000000000100100
001000000000100100
001000000000100100
001000000000100100
001000000000100100
001000000000101000
001000000001110000
001111111111100000
000000000000000000
000000000000000000
000000000000000000
000000000000000000
000000000000000000
000001111111111100
000010000100001100
000100001000010100
001111111111100100
001000000000100100
001000000000100100
001000000000100100
001000000001011010
001000000010001001
001000000001100010
001000000001000110
001000000010010001
001111111111011010
000000000000100100
000000000000000000
000000000000000000
000000000000000000
000000000000000000
000001111111111100
000010000100001100
000100001000010100
001111111111100100
001000000000100100
001000000000100100
001000000000101100
001000000000101100
001000000011111010
001000000010000001
001000000010000011
001000000011111110
001111111111101100
000000000000001000
000000000000000000
000000000000000000
000000000000000000
000000000000000000
000001111111111100
000010000100001100
000100001000010100
001111111111100100
001000000000100100
001000000000100100
001000000000110100
001000000001001100
001000000010000100
001000000010000100
001000000001001000
001000000001111100
001111111111100110
000000000000000011
000000000000000000
000000000000000000
000000000000000000
000000000000000000
000001111111111100
000010000100001100
000100001000010100
001111111111100100
001000000001100100
001000000001010100
001000000001001100
001000000001000100
001000000001000010
001000000001000111
001000000001110100
001000000001110010
001111111111101010
000000000000000110
000000000000000000
000000000000000000
000000000000000000
000000000000000000
000001111111111100
000010000100001100
000100001000010100
001111111111100100
001000000000100100
001000000000100100
001000000000100100
001000000000100100
001000000011111111
001000000010000001
001000000010000001
001000000011111111
001111111111100000
000000000000000000
000000000000011000
000000000000101100
000000000001000110
000000000011100111
000001111111100100
000010000100100100
000100001000100100
001111111111111100
001000000000100100
001000000000100100
001000000000100100
001000000000100100
001000000000100100
001000000000100100
001000000000101000
001000000001110000
001111111111100000
000000000000000000
000000000000000000
000000000000000000
000000000000000000
000000000000000000
000001111111111100
000010000100001100
000100001000010100
001111111111100100
001000000000100100
001000000000111100
001000000000100100
001000000001000010
001000000001000010
001000000000100100
001000000000111100
001000000001000010
001111111110000111
000000000011111111
000000000000000000
000000000001111000
000000000011001100
000000000110000100
000000001100000100
000000011011000100
000000110101001000
000001101011010000
000011010110100000
000000101101000000
000011011010000000
000110110100000000
001101101000000000
001001010000000000
001000100000000000
001001000000000000
000110000000000000
000000000000000000
000000000000000000
000000000000000100
000000000011111110
000000000111000100
000000001110000100
000000011100000100
000000001000001000
000000010000010000
000000100000100000
000001000001000000
000010000010000000
000100000100000000
001011001000000000
001101110000000000
001110100000000000
001111000000000000
010000000000000000
000000000000000000
000000000000000000
000000000000000000
011111111111111110
011111111111111110
011111111111111110
010000000000000010
010000000000000010
010000000000001010
010000000000010010
010000001110000010
010000010001001010
010000010011111110
010000011111000001
010000010000000001
010000010000000001
010000010000000011
011111110000000111
000000001111111110
000000000000000000
000000000000011100
000000000000100010
000000000001010010
000000000010001010
000000000100000100
000000001001001000
000000010010010000
000000100100100000
000001001001000000
000010010010000000
000100000100000000
001000001000000000
010110010000000000
011010100000000000
011101000000000000
011110000000000000
000000000000000000
000000000000000000
000000000011000000
000000000011000000
000001111111000000
000010000000100000
000010111110100000
000010111110100000
000010111110100000
000010111110100000
000010000000100000
000010101010100000
000010000000100000
000010101010100000
000010000000100000
000010101010100000
000010000000100000
000001111111000000
000000000000000000
000000000000000000
111111111111110000
100000000000010000
101111111111010000
101111111111010000
101111111111010000
101111111111010000
101111111111010000
101111111111010000
101111111111010000
101111111111010000
101111111111010000
100000000000010000
100000000000010000
100000000000010000
100000000000110000
111111111111110000
000000000000000000
000000000000000000
111111111111110000
100000000000010000
101111111111010000
101111111111010000
101111111111010000
101111111111010000
101111111111010000
101111111111010000
101111111111010000
101111111111111100
101111111111100100
100000000011100111
100000000010000001
100000000010000001
100000000011100111
111111111111100100
000000000000111100
000000001111111110
111111110000000001
100000010000000001
101111110000000001
101111110000000001
101111111000000011
101111111110001110
101111111111110000
101111111111110000
101111111111010000
101111111111010000
101111111111010000
100000000000010000
100000000000010000
100000000000010000
100000000000110000
111111111111110000
000000000000000000
000000000000000000
111111111111110000
100000000000010000
101111111111010000
101111111111010000
101111111111010000
101111111111010000
101111111111010000
101111111111010000
101111111111010000
101111111111111100
101111111111100100
100000000000100100
100000000000100100
100000000011100111
100000000001000110
111111111111101100
000000000000011000
000000000000000000
111111111111110000
100000000000010000
101111111111010000
101111111111010000
101111111111010000
101111111111010000
101111111111010000
101111111111010000
101111111111010000
101111111111010110
101111111111011001
100000000000010001
100000000000100010
100000000001000100
100000000010101000
111111111111010000
000000000011100000
000000000000000000
111111111111110000
100000000000010000
101111111111010000
101111111111010000
101111111111010000
101111111111010000
101111111111010000
101111111111010000
101111111111010000
101111110001010000
101111110011111110
100000011111000001
100000010000000001
100000010000000001
100000010000000011
111111110000000111
000000001111111110
000000000000000000
000111111111111110
000100000000000010
000101111111111010
000101111111111010
000101111111111010
000101111111111010
000101111111111010
000101111111111010
000101111111111010
000101111111111010
001101111111111010
010111110000000010
100000010000000010
110000010000000010
011111110000000110
001111111111111110
000100000000000000
000000000000000000
111111111111110000
100000000000010000
101111111111010000
101111111111010000
101111111111010000
101111111111010000
101111111111010000
101111111111010000
101111111111010000
101111111111011100
101111111111010110
100000000000011010
100000000000111111
100000000000100001
100000000000111111
111111111111100001
000000000000111111
000000001111111110
011111110000000001
010000010000000001
010000010000000001
010000010000000001
010011111000000011
010000001110001110
010000000001110000
010000000011100000
010000000111100000
010000000101100000
010000001011100000
010001010111100000
010010101111100000
011111111111100000
011000000000100000
001111111111100000
000000000000000000
000000000000000000
000000000000000000
011111111111111110
011111111111111110
011111111111111110
010000000000000010
010000000000000010
010000011111111010
010111010000001010
010000011111111010
010000000000000010
010000011111111010
010111010000001010
010000011111111010
010000010010111010
010000000000000010
011111111111111110
000000000000000000
000000000000000000
111111111111110000
100000000000010000
101111111111010000
101111111111010000
101111111111010000
101111111111010000
101111111111010000
101111111111010000
101111111111010000
101111111111110100
101111111111011010
100000000010001001
100000000001100010
100000000001000110
100000000010010001
111111111111011010
000000000000100100
000000000000000000
111111111111110000
100000000000010000
101111111111010000
101111111111010000
101111111111010000
101111111111010000
101111111111010000
101111111111010000
101111111111010000
101111111111011000
101111111111011100
100000000011111010
100000000010000001
100000000010000011
100000000011111110
111111111111111100
000000000000001000
000000000000000000
111111111111110000
100000000000010000
101111111111010000
101111111111010000
101111111111010000
101111111111010000
101111111111010000
101111111111010000
101111111111010000
101111111111110000
101111111111001000
100000000010000100
100000000010000100
100000000001001000
100000000000111100
111111111111110110
000000000000000011
000000000000000000
111111111111110000
100000000000010000
101111111111010000
101111111111010000
101111111111010000
101111111111010000
101111111111010000
101111111111110000
101111111111010000
101111111111001000
101111111111000100
100000000001000010
100000000001000111
100000000001110100
100000000001110010
111111111111111010
000000000000000110
000000000000000000
111111111111110000
100000000000010000
101111111111010000
101111111111010000
101111111111010000
101111111111010000
101111111111111111
101111110000000001
101111110111111101
101111110111111101
101111110111111101
100000010111111101
100000010111111101
100000010111111101
100000010111111101
111111110000000001
000000011111111111
000000000000000000
111111111111110000
100000000000010000
101111111111010000
101111111111010000
101111111111010000
101111111111010000
101111111111010000
101111111111010000
101111111111010000
101111111111010000
101111111111010000
100000000011111111
100000000010000001
100000000010000001
100000000011111111
111111111111110000
000000000000000000
000000000000011000
111111111111101100
100000000001000110
101111111111100111
101111111111100100
101111111111100100
101111111111100100
101111111111111100
101111111111010000
101111111111010000
101111111111010000
101111111111010000
100000000000010000
100000000000010000
100000000000010000
100000000000110000
111111111111110000
000000000000000000
000000000000000000
111111111111110000
100000000000010000
101111111111010000
101111111111010000
101111111111010000
101111111111010000
101111111111010000
101111111111010000
101111111111011000
101111111111100100
101111111111000010
100000000001000010
100000000000100100
100000000000111100
100000000001000010
111111111110000111
000000000011111111
000000000000000000
000011111111111000
000010000000001000
001110111111101000
001010111111101000
111010111111101000
101010111111101000
101010111111101000
101010111111101000
101010111111101000
101010000000001000
101010000000001000
101010000000011000
101011111111111000
101000000001100000
101111111111100000
100000000110000000
111111111110000000
000000000000000000
000000111000000000
000001000100000000
000001000100000000
000001000100000000
001111000011100000
010000000000010000
010000000000010000
010000000000011100
001100000000000110
000100000000011110
000100000000101110
001000000001010000
010001111010110000
011011111101110000
010111000111110000
001111000011100000
000000000000000000
000000000000000000
000000000000000000
011111111111111110
011111111111111110
011111111111111110
010000000000000010
010000000000000010
010000000000001010
010000000000010010
010000000000000010
010100000000001010
011100000000010010
010111110000101010
100000011001011010
110000010010111010
011111110000000010
011111111111111110
000100000000000000
000000000000000000
000011111111100000
000100000000010000
000100111110010000
000101000001010000
000101010101010000
000101010101010000
000101001001010000
000100111110010000
000100111110010000
000101000001010000
000101010101010000
000101010101010000
000101001001010000
000100111110010000
000100000000110000
000011111111100000
000000000000000000
000000000000000000
000000000000000000
000001111111100000
000001000000100000
000001000000100000
000001000000100000
001111000000111100
010001111111100010
010011111111110010
010011111111110110
010011111111110010
010011111111110110
010110000000011110
001110000000011100
000010000000010000
000011111111110000
000000000000000000
000000000000000000
000000000000000000
000000000000000000
000111111111111000
001000000000000100
001000000000000100
001001111000000100
001000011100000100
001000000110000100
001001110011000100
001000111001100100
001000001101100100
001001101100100100
001001100100100100
001000000000001100
001000000000011100
000111111111111000
000000000000000000
000000000000000000
000000001111111110
000000010000000001
000111110000000001
001000010000000001
001000010000000001
001001111000000011
001000011110001110
001000000111110100
001001110011100100
001000111111100100
001000001101100100
001001101100100100
001001100100100100
001000000000001100
001000000000011100
000111111111111000
000000000000000000
000000000000000000
000000000000000000
000111110000000000
001100011000000000
010011100100000000
110100010110000000
101000001010000000
101000001010000000
101000001010000000
110100010010000000
010011100110000000
001100001001000000
000111111000100000
000000000100010000
000000000010001000
000000000001001100
000000000000111000
000000000000010000
000000000000000000
000000000000000000
000000001000000000
001100010100011000
001011100011101000
000100000000010000
000100010100010000
000100100010010000
000101000001010000
000101000001010000
000101000001010000
000101000001010000
000100100010110000
000010010100100000
000001000011000000
000000100110000000
000000011100000000
000000001000000000
000000000000000000
000000000000000000
000000000000000000
000000011100000000
000000100010000000
000001000001000000
000001000001000000
000001000011000000
000000101110000000
000000011100000000
000000010100000000
000011110111110000
000100010100001000
001000011100000100
010000000000000110
011111111111111110
010000000000001110
011111111111111110
000000000000000000
000000000000000000
000000001100000000
000000001100000000
000000010010000000
000000010010000000
000000100001000000
011111100001111110
001000000000000100
000100000000001000
000010000000010000
000001000000100000
000001000000100000
000010001100110000
000011111111110000
000011100001110000
000110000000011000
000000000000000000
000000000000000000
000000000000000000
000000000000000000
000000111110000000
000000100010000000
000000100010000000
000000100010000000
000000100010000000
011111100011111100
010000000000000100
010000000000000100
010000000000001100
011111100011111100
000000100010000000
000000100010000000
000000100010000000
000000100110000000
000000111110000000
000000000000000000
000000000000000000
000000000000000000
000010000000000000
000101000000000000
001000100000000000
010000010000000000
001000001000000000
000100000100000000
000010000010000000
000001000001000000
000000100000100000
000000010000010000
000000001000001000
000000000100001100
000000000011011000
000000000001110000
000000000000100000
000000000000000000
000000000000000000
000000000000000000
011111111111111110
011111111111111110
011111111111111110
010000000000000010
010000000000000010
010000000000001010
010000000000010010
010000000000000010
010000000000001110
010000000000010110
010000000000111010
010000001001111111
010000010010100001
010000000000111111
011111111111100001
000000000000111111
000000000000000000
000000000000000000
000000000000010000
000000000000101000
000000000001000100
000000000010000010
000100000100000100
001010001000001000
010001010000010000
100000100000100000
010000000001000000
001000000110000000
000100001100000000
000011011000000000
000001110000000000
000000100000000000
000000000000000000
000000000000000000
000000000000000000
000000000000000000
000000000000000000
000000000000000000
011111111111111100
010000000000000100
010000000000000100
010000000000001100
011111111111111100
000000000000000000
011111111111111100
010000000000000100
010000000000000100
010000000000001100
011111111111111100
000000000000000000
000000000000000000
000000000000000000
000000000000000000
000000000000000000
000000000000100000
000000000001010000
000000000010001000
000000000100000100
000000001000001000
000000010000010000
000000100000100000
000001000001000000
000010000010000000
000100000100000000
001000001000000000
010000110000000000
001001100000000000
000111000000000000
000010000000000000
000000000000000000
000000000000000000
000000000000000000
000010000000100000
000101000001010000
001000100010001000
010000010100000100
001000001000001000
000100000000010000
000010000000100000
000001000001000000
000010000000100000
000100000000010000
001000001000001000
010000110100001100
001001100011011000
000111000001110000
000010000000100000
000000000000000000
000000000000000000
000000000000000000
000000111111000000
000001100001100000
000010000000010000
000100001110011000
001100110100001100
001000101000100100
001001010001101100
001001100010100100
001001000101001100
001100001011011100
000110011100111000
000011000001110000
000001101011100000
000000111111000000
000000000000000000
000000000000000000
000000000000000000
000000000000000000
000000000000100000
000011000001010000
000100100010001000
000100100100000100
000011001000001000
000000010000010000
000000100000100000
000001000001000000
000010000010000000
000100000100000000
001000001001100000
010000110010010000
001001100010010000
000111000001100000
000010000000000000
000000000000000000
000000000000000000
000000000000000000
000011110111100000
000010010100100000
000010010100100000
011110011100111100
010000000000000100
010000000000001100
011110011100111100
000010010100100000
011110011100111100
010000000000000100
010000000000001100
011110011100111100
000010010100100000
000010110101100000
000011110111100000
000000000000000000
000000000000000000
000000000000000000
000000111110000000
000001000001000000
000010011100100000
000010100010100000
000010100010100000
000011100100100000
000000001011000000
000000010110000000
000000011100000000
000000011100000000
000000000000000000
000000011100000000
000000010100000000
000000011100000000
000000000000000000
000000000000000000
000000000000000000
000000000000000000
000000000000000000
000000000000000000
000000000000000000
000000000000000000
000000000000000000
011111111111111100
010000000000000100
010000000000000100
010000000000001100
011111111111111100
000000000000000000
000000000000000000
000000000000000000
000000000000000000
000000000000000000
000000000000000000
000000000000000000
001111111111111100
001000000000000100
001011111111110100
001011111111110100
001000000000000100
001011111101110100
001000000001110100
001011111101110100
001000000001110100
001011111101110100
001000000001110100
001011111101110100
001000000001110100
001011111101110100
001000000000000100
001111111111111100
000000000000000000
000000000000000000
000000000000000000
011111111111111110
011111111111111110
011111111111111110
010000000000000010
010000000000000010
010000000000001010
010000000000010010
010000000000000010
010000000000101110
010000000001011010
010000000010001001
010000001001100010
010000010011000110
010000000010010001
011111111111011010
000000000000100100
000000000000000000
000000000000000000
000000000000000000
000000000000000000
000000000000000000
000001111111110000
000001000000010000
000001000100010000
000001000100010000
000001011111010000
000001000100010000
000001000100010000
000001000000110000
000001111111110000
000000000000000000
000000000000000000
000000000000000000
000000000000000000
000000000000000000
000000011100000000
000000100010000000
001111111111111000
000100000000010000
000101010101010000
000101010101010000
000101010101010000
000101010101010000
000101010101010000
000101010101110000
000101010101010000
000101010111110000
000010010101100000
000011001011100000
000001111111000000
000000000000000000
000000000000000000
000000000000000000
000000011100000000
000000100010000000
000111111111110000
000010000000100000
000011010101100000
000011010101100000
000011010101100000
000011010101100000
000011010101100000
000011010101100000
000011010101100000
000011010111100000
000010010101100000
000011001011100000
000001111111000000
000000000000000000
000000000000000000
000000000000000000
000000011100000000
000000100010000000
001111111111111000
000100000000010000
000101010101010000
000101010101010000
001001010101001000
001001010101001000
001001010101001000
001001010101011000
000101010101010000
000101010111110000
000010010101100000
000011001011100000
000001111111000000
000000000000000000
000000000000000000
000000000000000000
000000000000000000
000001110000000000
000010001000000000
000100000100000000
001000000010000000
001000000010000000
001000000110000000
000100001100000000
000010011000000000
000001110000000000
001110001110000000
010000000001000000
010000000011000000
010000000101000000
010010001011000000
011111111111000000
000000000000000000
000000000000000000
000001110000000000
000010001000000000
000100000100000000
001000000010000000
001000000010000000
001000000110000000
000100001100000000
000010011000000000
000001110000000000
001110001110111100
010000000001100100
010000000011100111
010000000110000001
010010001010000001
011111111111100111
000000000000100100
000000000000111100
000000001111111110
000000010000000001
000000010000000001
000000010000000001
000011110000000001
000100011000000011
001000001110001110
001000001001110000
001000011011100000
000100110111000000
000011100000000000
001100011000000000
010000001100000000
010000010100000000
010010101100000000
011111111100000000
000000000000000000
000000000000000000
000000000000000000
000001110000000000
000010001000000000
000100000100000000
001000000010000000
001000000010000000
001000000110000000
000100001100000000
000010011000000000
000001110000000000
001110001110111100
010000000001100100
010000000011100100
010000000101100100
010010001011100111
011111111111000110
000000000000101100
000000000000011000
000000000000000000
000001110000000000
000010001000000000
000100000100000000
001000000010000000
001000000010000000
001000000110000000
000100001100000000
000010011000000000
000001110000000000
001110001110000110
010000000001001001
010000000011010001
010000000101100010
010010001011000100
011111111110101000
000000000011010000
000000000011100000
000000000000000000
000001110000000000
000010001000000000
000100000100000000
001000000010000000
001000000010000000
001000000110000000
000100001100000000
000010011000000000
000001111110000000
001110010001000000
010000010011111110
010000011111000001
010000010000000001
010010010000000001
011111110000000011
000000010000000111
000000001111111110
000000000000000000
000000110000000000
000011001000000000
000100111000000000
000101110000000000
000011001000000000
000100101100000000
001000111100000000
001111110000000000
000000000110011000
000000001001100100
000000001010011100
000000000110111000
000000001001100100
000000010010010110
000000011100011110
000000000111111000
000000000000000000
000000000000000000
000000000011100000
000000000100010000
000000001000001000
000000010000000100
000000010000000100
000000010000001100
000000001000011000
000000000100110000
000000000011100000
000100011100011100
001100100000000010
010111110000000110
100000010000001010
110000010100010110
011111111111111110
001100000000000000
000100000000000000
000000000000000000
000001110000000000
000010001000000000
000100000100000000
001000000010000000
001000000010000000
001000000110000000
000100001100000000
000010011000000000
000001110000000000
001110001110001100
010000000001010110
010000000011011010
010000000101111111
010010001011100001
011111111111111111
000000000000100001
000000000000111111
000000000000000000
000001110000000000
000010001000000000
000100000100000000
001000000010000000
001000000010000000
001000000110000000
000100001100000000
000010011000000000
000001110000000000
001110001110100100
010000000001011010
010000000010001001
010000000101100010
010010001011000110
011111111110010001
000000000001011010
000000000000100100
000000000000000000
000001110000000000
000010001000000000
000100000100000000
001000000010000000
001000000010000000
001000000110000000
000100001100000000
000010011000000000
000001110000000000
001110001110001000
010000000001001100
010000000011111010
010000000110000001
010010001010000011
011111111111111110
000000000000001100
000000000000001000
000000000000000000
000001110000000000
000010001000000000
000100000100000000
001000000010000000
001000000010000000
001000000110000000
000100001100000000
000010011000000000
000001110000000000
001110001110110000
010000000001001000
010000000010000100
010000000110000100
010010001011001000
011111111111111100
000000000000000110
000000000000000011
000000000000000000
000001110000000000
000010001000000000
000100000100000000
001000000010000000
001000000010000000
001000000110000000
000100001101000000
000010011001100000
000001110001010000
001110001111001000
010000000001000100
010000000011000010
010000000101000111
010010001011110100
011111111111010010
000000000000001010
000000000000000110
000000000000000000
000001110000000000
000010001000000000
000100000100000000
001000000010000000
001000000010000000
001000000110000000
000100001100000000
000010011000000000
000001110000000000
001110001110000000
010000000001000000
010000000011111111
010000000110000001
010010001010000001
011111111111111111
000000000000000000
000000000000000000
000000000000011000
000001110000101100
000010001001000110
000100000111100111
001000000010100100
001000000010100100
001000000110100100
000100001100111100
000010011000000000
000001110000000000
001110001110000000
010000000001000000
010000000011000000
010000000101000000
010010001011000000
011111111111000000
000000000000000000
000000000000000000
000000000000000000
000000000000000000
011111111111111110
011111111111111110
011111111111111110
010000000000000010
010000000000000010
010000000000001010
010000000000010010
010000000000000010
010000000000111010
010000000001001010
010000000010000110
010000001010000110
010000010011001010
010000000000111110
011111111111111110
000000000000000011
000000000000000000
000001110000000000
000010001000000000
000100000100000000
001000000010000000
001000000010000000
001000000110000000
000100001100000000
000010011000000000
000001110000011000
001110001110100100
010000000001000010
010000000011000010
010000000101100100
010010001011111100
011111111111000010
000000000010000111
000000000011111111
000000000000000000
000000000000000000
000000000011100000
000000000100010000
000011101000001000
000100011000001000
001000001100011000
001000001100110000
001000011111100000
000100111100011000
000011111000001100
001100011100010100
010000001110101100
010000010111111100
010010101110000000
011111111100000000
000000000000000000
000000000000000000
000000000000000000
000000000000000000
000000000000000000
000000000100000000
000000001100000000
000000010100000000
000000100100000000
111111000101000000
100000001100100000
100000001100100000
100101011100100000
111111111101000000
000000111100000000
000000011100000000
000000001100000000
000000000100000000
000000000000000000
000000000000000000
000000000000000000
000000000000000000
000000000000000000
000000000100000000
000000001100000000
000000010101100000
000000100100010000
111111000101001000
100000001100101000
100000001100101000
100101011100101000
111111111101001000
000000111100010000
000000011101100000
000000001100000000
000000000100000000
000000000000000000
000000000000000000
000000000000000000
000000000000000000
000000000000000000
000000000101110000
000000001100001000
000000010101100100
000000100100010010
111111000101001010
100000001100101010
100000001100101010
100101011100101010
111111111101001010
000000111100010010
000000011101100100
000000001100001000
000000000101110000
000000000000000000
000000000000000000
000000000000000000
000000000000000000
000000111110000000
000001101011000000
000010000000100000
000110011100110000
000100111110010000
000100111110010000
000100111110010000
000110011100010000
000010000000100000
000001100001000000
000001111111000000
000010000000100000
000100000000010000
000100000000110000
000111111111110000
000000000000000000
000000000000000000
000000000000000000
000000111111000000
000001100001100000
000010011010010000
000100011011111000
001100111111101100
001000101011100100
001110000111111100
001100011110010100
001100011100011100
001100001100001100
000100000100011000
000011000000110000
000001101011100000
000000111111000000
000000000000000000
000000000000000000
000000000000000000
000000110000000000
000001001000000000
000000100100000000
000000010100000000
001000010100000000
010100100100000000
010011000010000000
001000000001000000
000111100100100000
000000010010010000
000000001001001000
000000000110100100
000000000011000010
000000000001100110
000000000000111110
000000000000011100
000000000000000000
000000000000000000
000000000000000000
011111111111111110
011111111111111110
011111111111111110
010000000000000010
010000000000000010
010000000001001010
010000000001110010
010000000001010010
010000000001001010
010000000001000110
010000000001000010
010000001001000111
010000010011110110
010000000001010010
011111111111111010
000000000000000110
000000000000000000
000000000000000000
011111111111111110
011111111111111110
011111111111111110
010000000000000010
010000000000000010
010000000000001010
010000000000010010
010000000000000010
010000000000001010
010000000000010010
010000000011111111
010000001010000001
010000010010000001
010000000011111111
011111111111111110
000000000000000000
000000000000011000
000000000000101100
011111111111000110
011111111111100111
011111111111100110
010000000000100110
010000000000100110
010000000000111110
010000000000010010
010000000000000010
010000000000001010
010000000000010010
010000000000101010
010000001001011010
010000010010111010
010000000000000010
011111111111111110
000000000000000000
000000000000000000
000000000000000000
011111111111111110
011111111111111110
011111111111111110
010000000000000010
010000000000000010
010000000000001010
010000000000010010
010000000000011010
010000000000100110
010000000001000010
010000000001000010
010000001001100110
010000010010111110
010000000001000010
011111111110000111
000000000011111111
000000000000000000
011111111111000000
010000000001100000
010000000001100000
010000000001100000
010011111001100000
010000000001100000
010000000001100000
010000000011100000
010000000101100000
010000000101111100
010000001011100100
010001010111100100
010010101111100100
011111111111100111
011000000001000110
001111111111101100
000000000000011000
000000000000000000
000000000000000000
011111111111111110
011111111111111110
011111111111111110
010000000000000010
010000000000000010
010111011101111010
010111011101110010
010111011101110010
010000000000001010
010111011101110010
010111011101111010
010111011101111010
010000010010111010
010000000000000010
011111111111111110
000000000000000000
000000000000000000
000000000000000000
011111111111111110
011111111111111110
011111111111111110
010000000000000010
010000000000000010
010101111111111010
010000000000010010
010101111111110010
010000000000001010
010101111111110010
010000000000101010
010101111111111010
010000010010111010
010000000000000010
011111111111111110
000000000000000000
000000000000000000
000000000000000000
000001111111111110
000001111111111110
000111111111111110
000111000000000010
011111000000001010
011101000000010010
011101000000001010
010101000001011010
010101000010111010
010101000000000010
010101111111111110
010100000000001000
010111111111111000
010000000000100000
011111111111100000
000000000000000000
000000001100000000
000000010110000000
000000100011000000
000001110011100000
000000010010000000
000100010010001000
001100010010001100
010111111111111010
100000010010000001
110000010010000011
011111111111111110
001100010010001100
000100010010001000
000000010010000000
000001110011100000
000000100011000000
000000010110000000
000000001100000000
000000000000000000
000000111110000000
000000100010000000
000000100010000000
000000100010000000
000000100010000000
000000100010000000
000000100010000000
000000100010000000
000000100010000000
000000100010000000
000111100011110000
000010000001100000
000001000011000000
000000100110000000
000000011100000000
000000001000000000
000000000000000000
000000000000000000
000000000000000000
000000000000000000
000000100000000000
000001100000000000
000010100000000000
000100111111111110
001000000000000010
010000000000000110
001000000000001110
000110111111111110
000011100000000000
000001100000000000
000000100000000000
000000000000000000
000000000000000000
000000000000000000
000000000000000000
000000000000000000
000000000000000000
000000000000000000
000000000001000000
000000000001100000
000000000001010000
011111111111001000
010000000000000100
010000000000000110
010000000000001100
011111111111011000
000000000001110000
000000000001100000
000000000001000000
000000000000000000
000000000000000000
000000000000000000
000000000000000000
000000000000000000
000000001000000000
000000010100000000
000000100010000000
000001000001000000
000010000000100000
000111100011110000
000000100010000000
000000100010000000
000000100010000000
000000100010000000
000000100010000000
000000100010000000
000000100010000000
000000100110000000
000000101110000000
000000111110000000
000000000000000000
000000011110000000
000010100001000000
000011000000100000
000010011111000000
000010110010111110
001011111000100100
010100000000100010
100010000000110001
100100000000101001
100101000000001001
100011000000010011
010001000000001110
001011000111110100
011111010010010000
000000101100010000
000001000001110000
000000100011010000
000000011110000000
000000000000000000
000001000000000000
000011000000000000
000101000000000000
001001111111111100
010000000000001100
010000000000011100
001101111111111100
000111000000100000
000011000000110000
000001000000101000
001111111111100100
001000000000000010
001000000000000110
001111111111101100
000000000000111000
000000000000110000
000000000000100000
000000000000000000
011111111111000000
010000000001100000
010000000001100000
010000000001100000
010011111001100000
010000000001100000
010000000001100000
010000000011100000
010000000101100000
010000000101100110
010000001011101001
010001010111110001
010010101111100010
011111111111000100
011000000010101000
001111111111010000
000000000011100000
000000000000000000
000100000111111100
001010000010000100
010001000001000100
001000100010000100
000100010100111100
000010001000101100
000001000101000100
000000100010000000
000001010001000100
000010001000101100
000100010100010100
001000100010000100
011011000001001100
001110000010011100
000100000111111100
000000000000000000
000000000000000000
000000000000000000
000011000000000000
000100100011110000
001000010010010000
010000001010010000
111100111110010000
000100100010010000
000100100010010000
000100100010010000
000100100010010000
000100100010010000
000100100010010000
000100111110011110
000101101000001100
000111100100011000
000111100010110000
000000000001100000
000000000000000000
000000000000000000
000000000000000000
000000000000000000
000000000000000000
000000011100000000
000000100010000000
000000100010000000
001100011100011100
000010100010100000
000001000001000000
000010000000100000
001110000000111100
000010000011100000
000001000111000000
000010101110100000
001100011100011100
000000000000000000
000000000000000000
000000000000000000
000000000000000000
000000000000000000
000000000000000000
000000000000000000
000000011111111000
000000010000001000
000000010000001000
000000010000001000
000000010000001000
000000010000001000
000000010000011000
000000011111111000
000000000000000000
000000000000000000
000000000000000000
000000000000000000
000000000000000000
000000000000000000
000000000000000000
000000000000000000
000000000000000000
000000000000000000
000000000000000000
000000000000100000
000000000101010000
000000001010001000
000000010000010000
000000001000100000
000000000111000000
000000000010000000
000000000000000000
000000000000000000
000000000000000000
000000000000000000
000000000000000000
000000000000000000
000000000000000000
000000000000000000
000000000000000000
000000000000000000
000000000100100000
000000001011010000
000000010001001000
000000001100010000
000000001000110000
000000010010001000
000000001011010000
000000000100100000
000000000000000000
000000000000000000
000000000000000000
000000000000000000
000000000000000000
000000000000000000
000000000000000000
000000000000000000
000000000000000000
000000000000000000
000000000001000000
000000000001100000
000000011111010000
000000010000001000
000000010000011000
000000011111110000
000000000001100000
000000000001000000
000000000000000000
000000000000000000
000000000000000000
000000000000000000
000000000000000000
000000000000000000
000000000000000000
000000000000000000
000000000000000000
000000000000000000
000000000010000000
000000000110000000
000000001011111000
000000010000001000
000000011000001000
000000001111111000
000000000110000000
000000000010000000
000000000000000000
000000000000000000
000000000000000000
000000000000000000
000000000000000000
000000000000000000
000001000001000000
000010100010100000
011110111110111100
010010100010100100
010001000001000110
010000111100000110
010000000000000110
010000100011000110
010001100100100110
010000100000100110
010000100001000110
010000100010000110
010001110111100110
010000000000001110
011111111111111110
001111111111111110
000000000000000000
000000000000000000
000000000000000000
000000000000000000
000000000000000000
000000001110000000
000111011011000000
001000110001111100
010111000000001010
010000011110000110
010000111111000010
011001101111100010
010001111111100110
011001111111101010
010101111111110110
011000111111111010
010101011111010110
001111111111111100
000000000000000000
000000000000000000
000001111111111100
000001000000000110
000001000000000110
000001000000000110
000001001111100110
000001000000000110
000001000000000110
000001000000001110
000001000000010110
000101000000010110
001101000000101110
010111110101011110
100000011010111110
110000011111111110
011111110000000010
001100111111111110
000100000000000000
000000000000000000
000000000000000000
000000000000000000
011000000000000000
101111111111111100
111000000000000100
001011111111111100
001010101010111100
001101010101111100
001010111011111100
001111111111111000
001111111111110000
000100000000000000
000111111111110000
001110000001110000
000110000001100000
000000000000000000
000000000000000000
000000000000000000
000000000000000000
000000000000000000
011000000000000000
101111111111111100
111000000000000100
001011111111111100
001010101010111100
001101010101111100
001010111011111100
001111111111111100
001111111111100100
000100000011100111
000111111110000001
001110000010000001
000110000011100111
000000000000100100
000000000000111100
000000000000000000
000000000000000000
000000000000000000
011000000000000000
101111111111111100
111000000000000100
001011111111111100
001010101010111100
001101010101111100
001010111011111100
001111111111111100
001111111111100100
000100000000100100
000111111111100100
001110000011100111
000110000001000110
000000000000101100
000000000000011000
000000000000000000
000000000000000000
000000000000000000
011000000000000000
101111111111111100
111000000000000100
001011111111111100
001010101010111100
001101010101111100
001010111011111100
001111111111111110
001111111111111001
000100000000010001
000111111111100010
001110000001000100
000110000010101000
000000000011010000
000000000011100000
000000000000000000
000000000000000000
000000000000000000
011000000000000000
101111111111111100
111000000000000100
001011111111111100
001010101010111100
001101010101111100
001010111111111100
001111110001111000
001111110011111110
000100011111000001
000111110000000001
001110010000000001
000110010000000011
000000010000000111
000000001111111110
000000000000000000
000000000000000000
000000000000000000
011000000000000000
101111111111111100
111000000000000100
001011111111111100
001010101010111100
001101010101111100
001010111011111100
001111111111111000
001111111111110000
010111110000000000
100000011111110000
110000010001110000
011111110001100000
001100000000000000
000100000000000000
000000000000000000
000000000000000000
000000000000000000
011000000000000000
101111111111111100
111000000000000100
001011111111111100
001010101010111100
001101010101111100
001010111011111100
001111111111111100
001111111111110110
000100000000011010
000111111111111111
001110000001100001
000110000001111111
000000000000100001
000000000000111111
000000000000000000
000000000000000000
000000000000000000
011000000000000000
101111111111111100
111000000000000100
001011111111111100
001010101010111100
001101010101111100
001010111011111100
001111111111111100
001111111111011010
000100000010001001
000111111111100010
001110000001000110
000110000010010001
000000000001011010
000000000000100100
000000000000000000
000000000000000000
000000000000000000
011000000000000000
101111111111111100
111000000000000100
001011111111111100
001010101010111100
001101010101111100
001010111011111100
001111111111111000
001111111111111100
000100000011111010
000111111110000001
001110000010000011
000110000011111110
000000000000001100
000000000000001000
000000000000000000
000000000000000000
000000000000000000
011000000000000000
101111111111111100
111000000000000100
001011111111111100
001010101010111100
001101010101111100
001010111011111100
001111111111111000
001111111111001000
000100000010000100
000111111110000100
001110000001001000
000110000001111100
000000000000000110
000000000000000011
000000000000000000
011111111111000000
010000000001100000
010000000001100000
010000000001100000
010011111001100000
010000000001100000
010000000001100000
010000000011100000
010000000101100000
010000000101101100
010000001011110110
010001010111111010
010010101111111111
011111111111100001
011000000000111111
001111111111100001
000000000000111111
000000000000000000
000000000000000000
000000000000000000
011000000000000000
101111111111111100
111000000000000100
001011111111111100
001010101011111100
001101010101111100
001010111011011100
001111111111001000
001111111111000100
000100000001000010
000111111111000111
001110000001110100
000110000001110010
000000000000001010
000000000000000110
000000000000000000
000000000000000000
000000000000000000
011000000000000000
101111111111111100
111000000000000100
001011111111111100
001010101010111100
001101010101111100
001010111011111100
001111111111111000
001111111111110000
000100000011111111
000111111110000001
001110000010000001
000110000011111111
000000000000000000
000000000000000000
000000000000011000
000000000000101100
000000000001000110
011000000011100111
101111111111100100
111000000000100100
001011111111100100
001010101010111100
001101010101111100
001010111011111100
001111111111111000
001111111111110000
000100000000000000
000111111111110000
001110000001110000
000110000001100000
000000000000000000
000000000000000000
000000000000000000
000000000000000000
000000000000000000
011000000000000000
101111111111111100
111000000000000100
001011111111111100
001010101010111100
001101010101111100
001010111011111100
001111111111100100
001111111111000010
000100000001000010
000111111111100100
001110000001111100
000110000001000010
000000000010000111
000000000011111111
000000000000000000
000000000000111000
000000000001000100
000000000010110110
000000000101001110
000000000101001110
000000000110111100
000000000101111000
000000001111110000
000011111100000000
000100101000000000
001011011000000000
010100111000000000
010100111000000000
010011110000000000
001111100000000000
000111000000000000
000000000000000000
000000000000000000
000000000000111000
000000000001000100
000000100010110110
000010010101001110
000001010101001110
000100001010111100
000011000001001000
000000100000110000
000011000001000000
000100100000110000
001011010100001000
010100101010100000
010100101010010000
010011110001000000
001111100000000000
000111000000000000
000000000000000000
000000000000000000
000000000000000000
000000000111000000
000001110101100000
000011010100010000
000100010100011000
001000010100001100
011000010100000100
010000010111111100
010000010000000000
010000011111111000
010000000000011000
011000000000011000
001000000000110000
000110000001100000
000011010111000000
000001111110000000
000000000000000000
000000000000000000
000000000000000000
000001111110000000
000011000011000000
000100000000100000
001000010000110000
011000010000011000
010000010000001000
010000010000011000
010000001000001000
010000000100011000
011000000000111000
001001000001110000
000110000011100000
000011010111000000
000001111110000000
000000000000000000
000000000000000000
000000000000000000
000000011110000000
000000010010000000
000011011010110000
000110110011001000
000100100000011000
000011000000110000
011110011111011110
010100010010100110
010000010010011110
011110011110111110
000010000001110000
000100101011111000
000101110111111000
000011010110110000
000000011110000000
000000011110000000
000000000000000000
000000000000000000
000000000000000000
001111111111110000
010000000000001000
010000000000001000
010000000000001000
010000000000001000
010000000000001000
010000000000001000
010000000000001000
011000000000011000
001111000111110000
000001111000000000
000001110000000000
000011100000000000
000011000000000000
000000000000000000
000000000000000000
000000000000000000
011111111111000000
010000000001100000
010000000001100000
010000000001100000
010011111001100000
010000000001100000
010000000001100000
010000000011100000
010000000101100000
010000000101100100
010000001011011010
010001010110001001
010010101111100010
011111111111000110
011000000010010001
001111111111011010
000000000000100100
000000000000000000
000000000000000000
001111111111110000
010000000000001000
010000000000001000
010000000000001000
010000000000001000
010000000000001000
010000000000001000
010000000000001000
011000000000111100
001111000111100100
000001111011100111
000001110010000001
000011100010000001
000011000011100111
000000000000100100
000000000000111100
000000000000000000
000000000000000000
001111111111110000
010000000000001000
010000000000001000
010000000000001000
010000000000001000
010000000000001000
010000000000001000
010000000000001000
011000000000111100
001111000111100100
000001111000100100
000001110000100100
000011100011100111
000011000001000110
000000000000101100
000000000000011000
000000000000000000
000000000000000000
001111111111110000
010000000000001000
010000000000001000
010000000000001000
010000000000001000
010000000000001000
010000000000001000
010000000000001000
011000000000011110
001111000111111001
000001111000010001
000001110000100010
000011100001000100
000011000010101000
000000000011010000
000000000011100000
000000000000000000
000000000000000000
001111111111110000
010000000000001000
010000000000001000
010000000000001000
010000000000001000
010000000000001000
010000000000001000
010000001110001000
011000010001011000
001111010011111110
000001111111000001
000001110000000001
000011110000000001
000011010000000011
000000010000000111
000000001111111110
000000000000000000
000000000000000000
000001111111111110
000010000000000001
000010000000000001
000010000000000001
000010000000000001
000010000000000001
000010000000000001
000010000000000001
000111000000000011
001101111000111110
010111111111000000
100000011110000000
110000011100000000
011111111000000000
001100000000000000
000100000000000000
000000000000000000
000000000000000000
001111111111110000
010000000000001000
010000000000001000
010000000000001000
010000000000001000
010000000000001000
010000000000001000
010000000000001000
011000000000011100
001111000111110110
000001111000011010
000001110000111111
000011100000100001
000011000000111111
000000000000100001
000000000000111111
000000000000000000
000000000000000000
001111111111110000
010000000000001000
010000000000001000
010000000000001000
010000000000001000
010000000000001000
010000000000001000
010000000000001000
011000000000111100
001111000111011010
000001111010001001
000001110001100010
000011100001000110
000011000010010001
000000000001011010
000000000000100100
000000000000000000
000000000000000000
001111111111110000
010000000000001000
010000000000001000
010000000000001000
010000000000001000
010000000000001000
010000001111111110
010000010000000001
011000010000000001
001111010000000001
000001110000000001
000001111000000011
000011101110001110
000011000011110000
000000000011100000
000000000111000000
000000000000000000
000000000000000000
001111111111110000
010000000000001000
010000000000001000
010000000000001000
010000000000001000
010000000000001000
010000000000001000
010000000000001000
011000000000011000
001111000111111100
000001111011111010
000001110010000001
000011100010000011
000011000011111110
000000000000001100
000000000000001000
000000000000000000
000000000000000000
001111111111110000
010000000000001000
010000000000001000
010000000000001000
010000000000001000
010000000000001000
010000000000001000
010000000000001000
011000000000111000
001111000111001000
000001111010000100
000001110010000100
000011100001001000
000011000000111100
000000000000000110
000000000000000011
000000000000000000
011111111111000000
010000000001100000
010000000001100000
010000000001100000
010011111001100000
010000000001100000
010000000001100000
010000000011100000
010000000101100000
010000000101101000
010000001011101100
010001010111111010
010010101110000001
011111111110000011
011000000011111110
001111111111101100
000000000000001000
000000000000000000
000000000000000000
001111111111110000
010000000000001000
010000000000001000
010000000000001000
010000000000001000
010000000001001000
010000000001101000
010000000001011000
011000000001001000
001111000111000100
000001111001000010
000001110001000111
000011100001110100
000011000001010010
000000000000001010
000000000000000110
000000000000000000
000000000000000000
001111111111110000
010000000000001000
010000000000001000
010000000000001000
010000000000001000
010000000000001000
010000000000001000
010000000000001000
011000000000011000
001111000111110000
000001111011111111
000001110010000001
000011100010000001
000011000011111111
000000000000000000
000000000000000000
000000000000011000
000000000000101100
001111111111000110
010000000011100111
010000000000100100
010000000000100100
010000000000100100
010000000000111100
010000000000001000
010000000000001000
011000000000011000
001111000111110000
000001111000000000
000001110000000000
000011100000000000
000011000000000000
000000000000000000
000000000000000000
000000000000000000
000000000000000000
001111111111110000
010000000000001000
010000000000001000
010000000000001000
010000000000001000
010000000000001000
010000000000001000
010000000000011000
011000000000100100
001111000111000010
000001111001000010
000001110000100100
000011100000111100
000011000001000010
000000000010000111
000000000011111111
000000000000000000
000000000000000100
000000000000001100
000000000000011000
000000000111110000
000000001000100000
000000110000100000
000001010000100000
000001101011000000
000010010110000000
000100001010000000
000100001100000000
000100110000000000
000111100000000000
001100000000000000
011000000000000000
010000000000000000
000000000000000000
000000000000000000
000000000000000000
000000000000000000
000010000100000000
000011000110000000
000010100101000000
000010010100100000
000010001100010000
000010000000001000
000010000000001000
000010011100110000
000010110101100000
000010100101000000
000011000110000000
000010000100000000
000000000000000000
000000000000000000
000000000000000000
000000000000000000
000000000000000000
000000000000000000
000000100001111000
000000110001001000
000000101001001000
000000100101001000
000000100011001000
000000100001001000
000000100001001000
000000100111001000
000000101101001000
000000101001001000
000000110001011000
000000100001111000
000000000000000000
000000000000000000
000000000000000000
000000000000000000
000000000000000000
000000000000000000
000011110111100000
000010010100100000
000010010100100000
000010010100100000
000010010100100000
000010010100100000
000010010100100000
000010010100100000
000010010100100000
000010010100100000
000010110101100000
000011110111100000
000000000000000000
000000000000000000
000000000000000000
000000000000000000
000000000000000000
000000000000000000
000000100000000000
000000110000000000
000000101000000000
000000100100000000
000000100010000000
000000100001000000
000000100001000000
000000100110000000
000000101100000000
000000101000000000
000000110000000000
000000100000000000
000000000000000000
000000000000000000
000000000000000000
000000000000000000
000000000000000000
000000000000000000
000111100001000000
000100100011000000
000100100101000000
000100101001000000
000100110001000000
000100100001000000
000100100001000000
000100110001000000
000100101101000000
000100100111000000
000101100011000000
000111100001000000
000000000000000000
000000000000000000
000000000000000000
000000000000000000
011111111111000000
010000000001100000
010000000001100000
010000000001100000
010011111001100000
010000000001100000
010000000001100000
010000000011100000
010000000101100000
010000000101110000
010000001011001000
010001010110000100
010010101110000100
011111111111001000
011000000000111100
001111111111100110
000000000000000011
000000000000000000
000000000000000000
000000000000000000
000000000000000000
000000011111000000
000000110001100000
000001000000110000
000011000001011000
000010000000101000
000010000001011000
000010000000111000
000011010101111000
000001101011110000
000000110111100000
000000011111000000
000000000000000000
000000000000000000
000000000000000000
000000000000000000
000000000000000000
000000000000000000
000000000010000000
000000000110000000
000000001010000000
000000010010000000
000000100010000000
000001000010000000
000001000010000000
000000100010000000
000000010110000000
000000001110000000
000000000110000000
000000000010000000
000000000000000000
000000000000000000
000000000000000000
000000000000000000
000000000000000000
000000000000000000
000000001000010000
000000011000110000
000000101001010000
000001001010010000
000010001100010000
000100000000010000
000100000000010000
000010001100010000
000001011010110000
000000111001110000
000000011000110000
000000001000010000
000000000000000000
000000000000000000
000000000000000000
000000000000000000
000000000000000000
000000000000000000
000111111111111000
000100000000001000
000100000000001000
000100000000001000
000100000000001000
000100000000001000
000100000000001000
000100000000001000
000100000000001000
000100000000001000
000100000000011000
000111111111111000
000000000000000000
000000000000000000
000000000000000000
000000000000000000
000011111111000000
000100000000100000
001000000000110000
001100000001110000
001011111111010000
001000000000010000
001000000000110000
001100000001110000
001011111111010000
001000000000010000
001000000000110000
001100000001110000
001011111111010000
001000000000110000
000100000001100000
000011111111000000
000000000000000000
000000000000000000
000011111111000000
000100000000100000
001000000000110000
001100000001110000
001011111111010000
001000000000010000
001000000000110000
001100000001110000
001011111111010000
001000000000111100
001000000000100100
001100000011100111
001011111110000001
001000000010000001
000100000011100111
000011111111100100
000000000000111100
000000000000000000
000011111111000000
000100000000100000
001000000000110000
001100000001110000
001011111111010000
001000000000010000
001000000000110000
001100000001110000
001011111111010000
001000000000111100
001000000000100100
001100000001100100
001011111111100100
001000000011100111
000100000001000110
000011111111101100
000000000000011000
000000000000000000
000011111111000000
000100000000100000
001000000000110000
001100000001110000
001011111111010000
001000000000010000
001000000000110000
001100000001110000
001011111111010000
001000000000010110
001000000000111001
001100000001110001
001011111111100010
001000000001000100
000100000010101000
000011111111010000
000000000011100000
000000000000000000
000011111111000000
000100000000100000
001000000000110000
001100000001110000
001011111111010000
001000000000010000
001000000000110000
001100000001110000
001011111111010000
001000010001010000
001000010011111110
001100011111000001
001011110000000001
001000010000000001
000100010000000011
000011110000000111
000000001111111110
000000000000000000
000011111111000000
000100000000100000
001000000000110000
001100000001110000
001011111111010000
001000000000010000
001000000000110000
001100000001110000
001011111111010000
001100000000010000
001100000000110000
010111110001110000
100000011111010000
110000010000110000
011111110001100000
001111111111000000
000100000000000000
