16928966.03 16928966.03
17989633.51 17989633.51
16580150.95 16580150.95
5613901.24 5613901.24
14743943.05 14743943.05
12842914.43 12842914.43
18219365.91 18219365.91
22099776.14 19213799.18
b better
9504229.04 9504229.04
20179979.25 20179979.25
8456452.37 8456452.37
13086048.55 13086048.55
22626373.07 22626373.07
20607882.90 20607882.90
29079661.01 29079661.01
18156252.42 18156252.42
3262791.53 3262791.53
10821878.02 10821878.02
15237428.18 15237428.18
8239453.57 8239453.57
29894718.49 29894718.49
12851577.80 12851577.80
18076709.90 18076709.90
5243040.94 5243040.94
7044549.57 7044549.57
16453345.71 14462199.17
b better
19128834.79 19128834.79
15225332.65 15225332.65
16880634.32 16880634.32
23415125.54 23415125.54
6043212.74 6043212.74
12961734.51 12961734.51
8980531.64 8980531.64
13866631.36 13866631.36
18317871.99 18317871.99
12333731.10 12333731.10
5439191.90 5414694.58
b better
21872146.22 21872146.22
9891476.01 9891476.01
6627617.09 6627617.09
15790529.12 15790529.12
12393972.35 12393972.35
28393086.46 28393086.46
11271163.17 11271163.17
4901510.10 4901510.10
14784485.38 13046641.54
b better
4958552.73 4958552.73
10925908.46 10925908.46
13669618.37 13669618.37
21381963.24 21381963.24
14945692.28 14945692.28
9778257.44 9778257.44
20403374.11 20403374.11
14055799.07 14055799.07
12543721.98 12543721.98
17282483.05 17282483.05
5494727.86 5494727.86
5385401.72 5385401.72
10867270.68 10867270.68
25467842.13 25467842.13
5256762.55 5256762.55
14108112.20 12511519.69
b better
4365207.17 4365207.17
3303233.11 3303233.11
14689362.22 14689362.22
13101065.36 11411453.73
b better
25039790.37 25039790.37
14162694.39 14162694.39
14450178.94 12826177.22
b better
11335558.79 11335558.79
11171600.02 11171600.02
25052007.79 25052007.79
17429136.92 15714677.80
b better
1731848.28 2045187.09
a better
13171163.03 13171163.03
14769521.98 14769521.98
3658842.39 3658842.39
22250534.08 22250534.08
5238878.41 5238878.41
3090356.93 3090356.93
12870229.56 12870229.56
13189243.38 13189243.38
17260260.86 15166339.52
b better
9802745.38 9802745.38
13759038.67 13759038.67
5338342.62 5338342.62
15855111.80 13817676.75
b better
8898651.59 8898651.59
3184014.41 3184014.41
16682318.65 16682318.65
12403622.36 12403622.36
18814332.22 18814332.22
21658828.81 19028570.13
b better
20641520.46 18466078.97
b better
20480878.51 20480878.51
9409326.06 9409326.06
27232200.26 27232200.26
4180733.45 4180733.45
5522126.70 5522126.70
7727500.91 7727500.91
8126539.57 8126539.57
5441577.53 5441577.53
5139034.02 5139034.02
13669581.00 13669581.00
15373758.65 15373758.65
6800237.18 5517937.09
b better
16130413.99 16130413.99
11180593.42 11180593.42
20852149.89 20852149.89
29176806.68 29176806.68
18235836.25 18235836.25
25968230.19 25968230.19
14649057.40 14649057.40
4679711.50 4679711.50
19330797.50 19330797.50
21973892.09 21973892.09
23887051.18 23887051.18
3559968.34 3559968.34
10733963.18 10733963.18
33314447.27 33314447.27
3571078.87 3571078.87
33381538.15 33381538.15
14195082.42 14195082.42
10194857.00 10194857.00
18755894.91 18755894.91
5035922.03 5035922.03
12903598.53 12903598.53
21498054.06 18654671.13
b better
34284974.84 34284974.84
27755527.54 27755527.54
22354917.41 22354917.41
24367057.75 24367057.75
17298582.64 17298582.64
19216118.06 19216118.06
13978350.50 13978350.50
11729263.04 11729263.04
10994520.46 10994520.46
18530769.31 18530769.31
5892441.77 5892441.77
7598570.09 7598570.09
19722475.00 19722475.00
30965247.16 30965247.16
26367413.47 26367413.47
20630001.44 20630001.44
3150890.08 3202614.87
a better
3912792.07 3912792.07
15723063.75 15723063.75
22654159.03 22654159.03
15493686.70 15493686.70
8690725.51 8690725.51
8268057.76 8268057.76
9176316.40 9176316.40
5613793.10 5613793.10
5494390.68 5494390.68
12796646.95 12796646.95
15488722.53 15488722.53
9172856.39 9172856.39
4970491.35 4970491.35
8292114.57 8292114.57
19537876.45 19537876.45
14976815.39 14976815.39
6784117.99 6784117.99
18141292.62 18141292.62
6232830.96 6232830.96
15972101.20 15972101.20
21406811.53 21406811.53
22054091.75 21908126.63
b better
14847771.00 14847771.00
10223586.71 10223586.71
9149748.77 9149748.77
12747734.87 12747734.87
7852608.88 7852608.88
14581556.98 14581556.98
16705109.35 16705109.35
2500273.39 2531894.79
a better
7200223.41 7200223.41
6929038.10 6929038.10
13842065.72 13842065.72
11229042.90 11229042.90
16179722.85 16179722.85
15959662.25 15959662.25
20710714.08 17904784.33
b better
16848652.15 16848652.15
9746915.07 9746915.07
22183656.99 22183656.99
21256296.57 21256296.57
4665655.40 4665655.40
18458253.09 18458253.09
11446582.11 11446582.11
10785250.79 10785250.79
10393349.82 10393349.82
8691375.80 8691375.80
6133320.73 6133320.73
14950483.26 12792030.58
b better
15507692.97 15507692.97
38015858.66 38015858.66
10758809.54 10758809.54
16339490.43 16339490.43
15038913.82 15038913.82
13799909.84 13799909.84
5977857.98 5977857.98
6321660.46 6321660.46
21178959.20 21178959.20
8427477.12 8427477.12
9128174.06 9128174.06
3418462.47 3418462.47
3589115.65 3589115.65
10395580.16 10395580.16
17705115.34 17705115.34
16574866.18 16574866.18
3784056.29 3784056.29
14655318.94 14655318.94
18141415.14 18141415.14
14026758.28 14026758.28
6818862.36 6818862.36
12823718.31 12823718.31
39484805.05 39484805.05
15947037.14 15947037.14
9532323.24 9532323.24
10230410.03 10230410.03
13118909.73 13118909.73
14202910.15 14202910.15
16302281.46 16302281.46
21038438.61 21038438.61
4527646.06 4527646.06
21524930.81 21524930.81
20944761.64 20944761.64
7978078.73 6739888.21
b better
10107771.54 10107771.54
13238633.14 13238633.14
12924503.30 12924503.30
21648165.68 21648165.68
2590999.13 2590999.13
28326555.15 28326555.15
17675381.36 17675381.36
13498370.09 13498370.09
31344558.28 31344558.28
16146640.39 16146640.39
19803203.62 19803203.62
7753170.11 7753170.11
15268606.44 15268606.44
4989104.31 4989104.31
12593008.38 12593008.38
12632692.17 12632692.17
5738614.71 5738614.71
14865144.47 14865144.47
15135389.47 15135389.47
5814247.98 4954306.70
b better
9847759.36 9847759.36
21038546.22 21038546.22
26717757.91 26717757.91
25226471.17 25226471.17
10881052.83 10881052.83
3637728.96 3637728.96
9953124.87 9953124.87
3787846.47 3724844.91
b better
18154157.32 18154157.32
13078839.93 13078839.93
6828130.31 6828130.31
10849276.71 10849276.71
5061152.54 5061152.54
16062847.67 16062847.67
4636013.08 4636013.08
7924394.15 7924394.15
3055642.17 3055642.17
12687226.96 12687226.96
3946364.72 3946364.72
14031196.82 14031196.82
17830529.13 17830529.13
15144552.68 15144552.68
18059496.05 18059496.05
2776872.74 2776872.74
16478504.53 16478504.53
30595971.64 30595971.64
20257518.18 20257518.18
15905121.27 15905121.27
4393768.13 4393768.13
11927220.90 11927220.90
4873114.36 4873114.36
14761261.14 14761261.14
25617363.90 25617363.90
6580642.81 6580642.81
21735976.14 21735976.14
19762041.06 19762041.06
25284262.48 25284262.48
6562861.26 6562861.26
14615460.83 14615460.83
19360528.29 19360528.29
18796266.56 18796266.56
25001667.95 25001667.95
24245954.87 24245954.87
11564971.30 11564971.30
3569217.15 3569217.15
22132190.04 22132190.04
8095912.75 8095912.75
13342564.84 13342564.84
11835805.27 11835805.27
13020546.10 13020546.10
14213172.34 14213172.34
16864578.62 16864578.62
3263444.14 3263444.14
13887314.57 13887314.57
20871945.27 18235228.39
b better
10091884.86 8520191.25
b better
13207188.06 13207188.06
16918366.26 16918366.26
3139166.22 3139166.22
2896657.61 2896657.61
30187413.96 30187413.96
15929660.99 15929660.99
16336682.23 16336682.23
16071507.32 16071507.32
3643466.80 3643466.80
10979001.97 10979001.97
18379428.57 18379428.57
3539084.19 3539084.19
11384484.64 11384484.64
13203698.44 13203698.44
21990860.05 21990860.05
12518394.49 12518394.49
9081465.77 9081465.77
17255759.08 17255759.08
2651158.24 2651158.24
28372607.59 28372607.59
22381549.12 22381549.12
5523026.02 5523026.02
7914428.25 7914428.25
7445888.55 7445888.55
20449518.79 20449518.79
12638126.26 12638126.26
32589477.11 32589477.11
30676275.54 30676275.54
14422609.08 14422609.08
5530214.86 5530214.86
10659928.28 10659928.28
28011349.85 28011349.85
10140065.36 10140065.36
10657138.50 10657138.50
9786226.67 9786226.67
17781909.45 17781909.45
16090230.77 13633963.99
b better
17155259.30 17155259.30
12831839.56 12831839.56
14456360.69 14456360.69
23764680.80 23764680.80
18404979.04 18404979.04
18518408.04 18518408.04
17782275.30 17782275.30
5598643.27 5598643.27
10940892.12 10940892.12
8634622.51 8634622.51
6056622.95 6056622.95
20914224.81 20914224.81
21331216.77 21331216.77
2789881.91 2789881.91
7846302.19 6525221.04
b better
5294781.21 5294781.21
2604804.47 2611246.28
a better
14591141.10 14591141.10
7842732.49 6774414.74
b better
9840357.91 9840357.91
15245787.36 15245787.36
9408379.40 9408379.40
2279731.09 2279731.09
10695848.84 10695848.84
24932033.99 24932033.99
4117837.88 4117837.88
14505635.19 14505635.19
12240258.10 12240258.10
10606396.38 10606396.38
10902805.97 10902805.97
9750082.51 9750082.51
20464698.30 20464698.30
17813379.61 17813379.61
13565829.05 13565829.05
8426747.91 8261036.48
b better
1626819.86 1626819.86
14665338.21 14665338.21
3421857.53 3421857.53
20750987.93 20750987.93
13763254.21 13763254.21
11178096.84 11178096.84
5692796.49 5692796.49
25328222.25 25328222.25
15004144.26 15004144.26
13772458.16 13772458.16
6172579.11 6172579.11
10478274.95 10478274.95
4180389.37 4180389.37
13912347.07 13912347.07
15068379.24 15068379.24
11122992.76 11122992.76
12351155.31 12351155.31
36331526.54 36331526.54
7590377.20 7590377.20
10381796.77 10381796.77
18209582.23 15624930.68
b better
28247235.63 28247235.63
2701480.67 2701480.67
18079051.14 18079051.14
7232977.87 7232977.87
27123928.00 27123928.00
10903243.17 10903243.17
2447245.84 2447245.84
16660444.96 16660444.96
3644359.36 3655552.98
a better
2570197.53 2570197.53
17105305.91 17105305.91
8443436.90 8443436.90
3435103.51 3435103.51
3340523.29 3340523.29
13383359.68 13383359.68
24875710.97 24875710.97
12423052.71 12423052.71
6065734.38 5191498.09
b better
2913945.04 2913945.04
11504105.22 11504105.22
12383052.58 12383052.58
13708044.23 13708044.23
11217821.22 11217821.22
8477774.95 8477774.95
10149645.75 10149645.75
6237295.08 6237295.08
30392946.11 30392946.11
17185067.12 17185067.12
6944662.24 6944662.24
9418008.25 9418008.25
18440217.17 18440217.17
12958601.85 12958601.85
3414669.96 3414669.96
3455927.95 3455927.95
4520915.81 4520915.81
5827172.65 5827172.65
34610988.47 34610988.47
7304372.51 7304372.51
9152589.85 9152589.85
8841303.93 7724409.21
b better
5769027.34 5769027.34
15232933.67 15232933.67
24146954.60 24146954.60
18359967.54 18359967.54
14443621.21 14443621.21
18005936.73 18005936.73
20461202.12 18743403.31
b better
14410499.43 14410499.43
3983742.23 3983742.23
31241257.83 31241257.83
23867357.29 23867357.29
14611136.82 14611136.82
34804070.28 34804070.28
23490636.94 23490636.94
13295807.93 13295807.93
14947629.07 14947629.07
33642085.55 33642085.55
10066129.13 10066129.13
3144819.23 3144819.23
2486330.82 2486330.82
15197966.72 15197966.72
21246686.71 21246686.71
18887539.54 18887539.54
13359249.40 13359249.40
3124987.27 3124987.27
14811525.03 14811525.03
11693251.06 11693251.06
6686741.74 6686741.74
10650637.45 10650637.45
5704288.90 5704288.90
8695383.17 8695383.17
10134534.42 10134534.42
4818371.30 4818371.30
11277469.20 11277469.20
13116937.89 13116937.89
12912100.63 12912100.63
13087481.51 11313469.95
b better
6087014.21 6087014.21
5772517.75 5772517.75
22960327.71 22960327.71
5763194.12 5763194.12
4103563.55 4103563.55
4918921.50 4918921.50
10912796.36 10912796.36
14882576.75 14882576.75
4400064.25 4248043.88
b better
8993849.13 8993849.13
13732968.83 13732968.83
13616926.92 13616926.92
7133877.90 6864412.98
b better
12527284.71 12527284.71
4402365.04 4402365.04
7113232.02 7113232.02
12228018.34 12228018.34
15792465.70 15792465.70
12126628.83 12126628.83
15964223.76 15964223.76
11005394.59 11005394.59
16109974.45 16109974.45
18570312.06 18570312.06
3047472.78 3047472.78
15649559.41 15649559.41
4577315.92 4577315.92
14735464.66 14735464.66
5676517.03 5676517.03
13288564.90 13288564.90
15309044.29 15309044.29
8139113.23 8139113.23
4739896.75 4739896.75
20494787.98 20494787.98
case: 507  506.64915 500.10178
