(6 6) = 6
heuv = 5.7128
6 8 8 5 6 2 3 2 3 1 3 3 3 
6 8 2 6 7 3 1 7 3 1 1 6 8 
5 3 1 2 7 1 8 2 6 3 3 6 4 
1 5 2 1 5 4 7 5 2 7 1 8 4 
4 8 8 4 5 4 3 8 1 5 4 8 5 
1 7 4 7 1 3 3 3 1 3 7 4 1 
4 1 2 6 1 4 6 6 1 4 2 6 2 
3 1 6 5 4 7 6 4 6 6 8 1 5 
7 8 8 2 8 8 3 7 3 8 6 1 2 
3 3 2 6 6 2 6 3 8 6 1 4 7 
4 2 2 2 1 3 2 4 8 3 5 5 3 
1 8 1 7 4 4 3 1 3 4 4 6 4 
2 1 7 4 5 6 3 4 5 3 2 4 4 
5 1 6 8 5 4 7 3 4 4 3 8 2 
5 7 5 5 3 3 3 2 2 7 2 7 1 

  8  13   7   9   6  10   7   9   7  14   9   8   9            J J J J J J J J J J J J J 
 10   2   6   3   3   5   5   2   5   3   3   3   8            J J J J J J J J J J J J J 
  9   4   4   6   6  10   6   5   4  10   5   3   6            J J J J J J J J J J J J J 
 10   3   5   3   5   2   4   4   5   5   3   5   9            J J J J J J J J J J J J J 
 11   5   4   6   4   6   2   4   4   7   3   3  10            J J J J J J J J J J J J J 
  9   3   6   5   5   4   7   7   6   6   4   5  11            J J J J J J J J J J J J J 
  9   6   2   6   6   6   0   4   4   3   6   4   9            J J J J J J J J J J J J J 
  9   3   4   5   3   6   3   2   6   7   3   2   9            J J J J J J J J J J J J J 
 11   6   4   8   5   7   5   5   5   7  10   7  16            J J J J J J J J J J J J J 
  6   1   2   4   6   3   3   3   2   6   2   4   7            J J J J J J J J J J J J J 
 10   5   3   7   5   6   2   4   4   5   5   2   9            J J J J J J J J J J J J J 
  8   6   4   8   4   7   6   3   7   5   2   3   8            J J J J J J J J J J J J J 
 11   8   8   7   5   2   5   5   6   3   4   2  11            J J J J J J J J J J J J J 
 12   3   5   0   3   3   3   2   1   3   3   2  10            J J J J J J J J J J J J J 
  8  12  11  13   9   5   6   8   9   8   6  10  10            J J J J J J J J J J J J J 

0.73 1.18 0.64 0.82 0.55 0.91 0.64 0.82 0.64 1.27 0.82 0.73 0.82            -22 -17 -23 -21 -24 -20 -23 -21 -23 -16 -21 -22 -21 
0.91 0.18 0.55 0.27 0.27 0.45 0.45 0.18 0.45 0.27 0.27 0.27 0.73            -20 -28 -24 -27 -27 -25 -25 -28 -25 -27 -27 -27 -22 
0.82 0.36 0.36 0.55 0.55 0.91 0.55 0.45 0.36 0.91 0.45 0.27 0.55            -21 -26 -26 -24 -24 -20 -24 -25 -26 -20 -25 -27 -24 
0.91 0.27 0.45 0.27 0.45 0.18 0.36 0.36 0.45 0.45 0.27 0.45 0.82            -20 -27 -25 -27 -25 -28 -26 -26 -25 -25 -27 -25 -21 
1.00 0.45 0.36 0.55 0.36 0.55 0.18 0.36 0.36 0.64 0.27 0.27 0.91            -19 -25 -26 -24 -26 -24 -28 -26 -26 -23 -27 -27 -20 
0.82 0.27 0.55 0.45 0.45 0.36 0.64 0.64 0.55 0.55 0.36 0.45 1.00            -21 -27 -24 -25 -25 -26 -23 -23 -24 -24 -26 -25 -19 
0.82 0.55 0.18 0.55 0.55 0.55 0.00 0.36 0.36 0.27 0.55 0.36 0.82            -21 -24 -28 -24 -24 -24 -30 -26 -26 -27 -24 -26 -21 
0.82 0.27 0.36 0.45 0.27 0.55 0.27 0.18 0.55 0.64 0.27 0.18 0.82            -21 -27 -26 -25 -27 -24 -27 -28 -24 -23 -27 -28 -21 
1.00 0.55 0.36 0.73 0.45 0.64 0.45 0.45 0.45 0.64 0.91 0.64 1.45            -19 -24 -26 -22 -25 -23 -25 -25 -25 -23 -20 -23 -14 
0.55 0.09 0.18 0.36 0.55 0.27 0.27 0.27 0.18 0.55 0.18 0.36 0.64            -24 -29 -28 -26 -24 -27 -27 -27 -28 -24 -28 -26 -23 
0.91 0.45 0.27 0.64 0.45 0.55 0.18 0.36 0.36 0.45 0.45 0.18 0.82            -20 -25 -27 -23 -25 -24 -28 -26 -26 -25 -25 -28 -21 
0.73 0.55 0.36 0.73 0.36 0.64 0.55 0.27 0.64 0.45 0.18 0.27 0.73            -22 -24 -26 -22 -26 -23 -24 -27 -23 -25 -28 -27 -22 
1.00 0.73 0.73 0.64 0.45 0.18 0.45 0.45 0.55 0.27 0.36 0.18 1.00            -19 -22 -22 -23 -25 -28 -25 -25 -24 -27 -26 -28 -19 
1.09 0.27 0.45 0.00 0.27 0.27 0.27 0.18 0.09 0.27 0.27 0.18 0.91            -18 -27 -25 -30 -27 -27 -27 -28 -29 -27 -27 -28 -20 
0.73 1.09 1.00 1.18 0.82 0.45 0.55 0.73 0.82 0.73 0.55 0.91 0.91            -22 -18 -19 -17 -21 -25 -24 -22 -21 -22 -24 -20 -20 


NOW: lvl=0  (6,6)[6] = 5.71    (6,6)
(6 6) = 2
heuv = 5.7128
6 8 8 5 6 2 3 2 3 1 3 3 3 
6 8 2 6 7 3 1 7 3 1 1 6 8 
5 3 1 2 7 1 8 2 6 3 3 6 4 
1 5 2 1 5 4 7 5 2 7 1 8 4 
4 8 8 4 5 4 3 8 1 5 4 8 5 
1 7 4 7 1 3 3 3 1 3 7 4 1 
4 1 2 6 1 4 2 6 1 4 2 6 2 
3 1 6 5 4 7 6 4 6 6 8 1 5 
7 8 8 2 8 8 3 7 3 8 6 1 2 
3 3 2 6 6 2 6 3 8 6 1 4 7 
4 2 2 2 1 3 2 4 8 3 5 5 3 
1 8 1 7 4 4 3 1 3 4 4 6 4 
2 1 7 4 5 6 3 4 5 3 2 4 4 
5 1 6 8 5 4 7 3 4 4 3 8 2 
5 7 5 5 3 3 3 2 2 7 2 7 1 

  7  13   7   9   6  10   7   9   7  14   9   8   8            J J J J J J J J J J J J J 
 10   2   6   3   3   5   5   2   5   3   3   3   8            J J J J J J J J J J J J J 
  9   4   4   6   6  10   6   5   4  10   5   3   6            J J J J J J J J J J J J J 
 10   3   5   3   5   2   4   4   5   5   3   5   9            J J J J J J J J J J J J J 
 11   5   4   6   5   6   3   4   5   7   3   3  10            J J J J J J J J J J J J J 
  9   3   6   5   5   4   7   7   6   6   4   5  11            J J J J J J J J J J J J J 
  9   6   2   6   7   6   0   4   5   3   6   4   9            J J J J J J I J J J J J J 
  9   3   4   5   3   6   3   2   6   7   3   2   9            J J J J J J J J J J J J J 
 11   6   4   8   6   7   6   5   6   7  10   7  16            J J J J J J J J J J J J J 
  6   1   2   4   6   3   3   3   2   6   2   4   7            J J J J J J J J J J J J J 
 10   5   3   7   5   6   2   4   4   5   5   2   9            J J J J J J J J J J J J J 
  8   6   4   8   4   7   6   3   7   5   2   3   8            J J J J J J J J J J J J J 
 10   8   8   7   5   2   5   5   6   3   4   2  10            J J J J J J J J J J J J J 
 12   3   5   0   3   3   3   2   1   3   3   2  10            J J J J J J J J J J J J J 
  8  12  11  13   9   5   6   8   9   8   6  10  10            J J J J J J J J J J J J J 

0.64 1.18 0.64 0.82 0.55 0.91 0.64 0.82 0.64 1.27 0.82 0.73 0.73            -23 -17 -23 -21 -24 -20 -23 -21 -23 -16 -21 -22 -22 
0.91 0.18 0.55 0.27 0.27 0.45 0.45 0.18 0.45 0.27 0.27 0.27 0.73            -20 -28 -24 -27 -27 -25 -25 -28 -25 -27 -27 -27 -22 
0.82 0.36 0.36 0.55 0.55 0.91 0.55 0.45 0.36 0.91 0.45 0.27 0.55            -21 -26 -26 -24 -24 -20 -24 -25 -26 -20 -25 -27 -24 
0.91 0.27 0.45 0.27 0.45 0.18 0.36 0.36 0.45 0.45 0.27 0.45 0.82            -20 -27 -25 -27 -25 -28 -26 -26 -25 -25 -27 -25 -21 
1.00 0.45 0.36 0.55 0.45 0.55 0.27 0.36 0.45 0.64 0.27 0.27 0.91            -19 -25 -26 -24 -25 -24 -27 -26 -25 -23 -27 -27 -20 
0.82 0.27 0.55 0.45 0.45 0.36 0.64 0.64 0.55 0.55 0.36 0.45 1.00            -21 -27 -24 -25 -25 -26 -23 -23 -24 -24 -26 -25 -19 
0.82 0.55 0.18 0.55 0.64 0.55 0.00 0.36 0.45 0.27 0.55 0.36 0.82            -21 -24 -28 -24 -23 -24 -27 -26 -25 -27 -24 -26 -21 
0.82 0.27 0.36 0.45 0.27 0.55 0.27 0.18 0.55 0.64 0.27 0.18 0.82            -21 -27 -26 -25 -27 -24 -27 -28 -24 -23 -27 -28 -21 
1.00 0.55 0.36 0.73 0.55 0.64 0.55 0.45 0.55 0.64 0.91 0.64 1.45            -19 -24 -26 -22 -24 -23 -24 -25 -24 -23 -20 -23 -14 
0.55 0.09 0.18 0.36 0.55 0.27 0.27 0.27 0.18 0.55 0.18 0.36 0.64            -24 -29 -28 -26 -24 -27 -27 -27 -28 -24 -28 -26 -23 
0.91 0.45 0.27 0.64 0.45 0.55 0.18 0.36 0.36 0.45 0.45 0.18 0.82            -20 -25 -27 -23 -25 -24 -28 -26 -26 -25 -25 -28 -21 
0.73 0.55 0.36 0.73 0.36 0.64 0.55 0.27 0.64 0.45 0.18 0.27 0.73            -22 -24 -26 -22 -26 -23 -24 -27 -23 -25 -28 -27 -22 
0.91 0.73 0.73 0.64 0.45 0.18 0.45 0.45 0.55 0.27 0.36 0.18 0.91            -20 -22 -22 -23 -25 -28 -25 -25 -24 -27 -26 -28 -20 
1.09 0.27 0.45 0.00 0.27 0.27 0.27 0.18 0.09 0.27 0.27 0.18 0.91            -18 -27 -25 -30 -27 -27 -27 -28 -29 -27 -27 -28 -20 
0.73 1.09 1.00 1.18 0.82 0.45 0.55 0.73 0.82 0.73 0.55 0.91 0.91            -22 -18 -19 -17 -21 -25 -24 -22 -21 -22 -24 -20 -20 


